"","unique_fish_id","est_standard_length","est_height_anus","region","year","station","sampling_date","CIS_break_up_date","open_water_day","NASC_zoo","surf_sal_kgm3","surf_temp_degC","carbon_mg","fish_WW","feeding_success","acartia sp c","acartia sp n","amphipod sp","appendicularian sp","bivalve larvae","boroecia maxima","calanoid sp","calanoid sp c","calanoid sp n","calanus finmarchicus c","calanus glacialis c","calanus glacialis n","calanus hyperboreus c","calanus sp c","calanus sp n","chaetognath sp","chiridus sp c","cirripedia sp","cirripedia sp n","coscinodiscus sp","crustacea sp meta","cyclopoid sp c","cyclopoid sp n","decapoda sp","decapoda sp meta","digested matter","egg","egg sack","euphausiacea sp","eurytemora sp c","fecal pellet","fritillaria sp","harpacticoid sp c","heterorhabdus norvegicus c","limacina helicina","metridia longa c","metridia longa n","microcalanus sp  n","microcalanus sp c","microcalanus sp n","oikopleura sp","oithona similis c","oithona similis n","oncea sp c","onceaidae sp c","paraeuchaeta sp c","paraheterorhabdus compactus c","parasite","podon sp","polychaetae larvae","pseudocalanus sp c","pseudocalanus sp n","pseudocalanus sp/acartia sp c","pseudocalanus sp/metridia longa n","radiolarian sp","scolecithricella sp c","spinocalanus sp c","trematoda sp","triconia borealis c","unknown","unknown c","unknown n","unknown nc","vers","vertebrae"
"1","2009-547",15.384,2.3,"Mackenzie Shelf",2009,"260","2009-08-05","2009-07-02",34,12.1756506915521,29.4630833333333,4.13384615384615,88.236228205623,21.732698984772,5.73558425673577,0,0,0,0,0,0,0,0,0,0,0,0,1,1,3,0,0,0,0,0,0,0,1,0,0,0,102,0,0,0,0,0,0,0,0,0,0,0,0,0,0,0,0,0,0,0,0,0,0,0,6,1,0,0,0,0,0,0,1,0,2,0,0,0,0
"2","2009-549",16.153,2,"Mackenzie Shelf",2009,"260","2009-08-05","2009-07-02",34,12.1756506915521,29.4630833333333,4.13384615384615,58.865268246729,25.3916179770658,3.64423130358008,0,0,0,0,5,0,0,0,0,0,0,0,0,0,0,0,0,0,0,0,0,0,0,0,0,0,150,0,0,0,0,0,0,0,0,0,0,0,0,0,0,0,0,0,0,0,0,0,0,0,0,1,0,0,0,0,0,0,0,0,0,0,0,0,0
"3","2009-551",12.307,1.846,"Mackenzie Shelf",2009,"260","2009-08-05","2009-07-02",34,12.1756506915521,29.4630833333333,4.13384615384615,42.5073846250501,10.6646893481211,3.45391928374503,0,0,0,0,1,0,0,0,0,0,0,0,0,0,2,0,0,0,0,0,0,0,0,0,0,0,100,0,0,0,0,0,0,0,0,0,0,0,0,0,0,1,0,0,0,0,0,0,0,0,0,1,0,0,0,0,0,0,1,0,1,1,0,0,0
"4","2009-553",14.861,2,"Mackenzie Shelf",2009,"260","2009-08-05","2009-07-02",34,12.1756506915521,29.4630833333333,4.13384615384615,84.93919215127,19.4623786866087,5.71557715841935,0,0,0,0,0,0,0,0,0,0,0,0,0,2,0,0,0,0,0,0,0,0,0,0,0,1,65,0,0,0,0,0,0,0,2,0,0,0,0,0,0,0,0,1,0,0,0,0,0,0,5,0,0,0,0,0,0,0,0,0,0,0,0,0,0
"5","2009-590",12.307,1.384,"Mackenzie Shelf",2009,"345","2009-08-15","2009-07-02",44,12.1756506915521,27.7580551892552,2.11825601620602,11.2021920006732,10.6646893481211,0.910229300452844,0,0,0,0,0,0,0,0,0,0,0,0,0,0,10,0,0,0,0,0,0,0,0,0,0,0,1,0,0,0,0,0,0,0,0,0,2,0,0,1,0,0,0,0,1,0,0,0,0,0,1,8,0,0,0,0,0,0,0,0,0,10,0,0,0
"6","2009-591",10.923,1.076,"Mackenzie Shelf",2009,"345","2009-08-15","2009-07-02",44,12.1756506915521,27.7580551892552,2.11825601620602,0.274495710852861,7.28909243797289,0.0251300659940365,0,0,0,0,0,0,0,0,0,0,0,0,0,0,0,0,0,0,0,0,0,0,0,0,0,0,1,0,0,0,0,0,0,0,2,0,0,0,0,0,0,0,0,0,0,0,0,0,0,0,0,0,0,0,0,0,0,0,0,0,0,0,0,0,0
"7","2009-594",7.846,0.769,"Mackenzie Shelf",2009,"345","2009-08-15","2009-07-02",44,12.1756506915521,27.7580551892552,2.11825601620602,3.4007037855047,2.53682657511591,0.433431530143347,0,0,0,0,0,0,0,0,0,0,0,0,0,0,1,0,0,0,0,0,0,0,0,0,0,0,2,0,0,0,0,0,0,0,0,0,1,0,0,0,0,0,0,0,0,0,0,0,0,0,0,5,0,0,0,0,0,0,0,0,0,3,0,0,0
"8","2009-595",14.923,1.538,"Mackenzie Shelf",2009,"345","2009-08-15","2009-07-02",44,12.1756506915521,27.7580551892552,2.11825601620602,26.7994844032945,19.7225821122097,1.79585099532899,0,0,0,0,0,0,0,2,0,0,0,0,0,0,8,0,0,0,0,0,0,0,0,0,0,0,0,0,0,0,0,0,0,0,0,1,1,0,0,0,0,8,0,0,0,0,0,0,0,0,7,3,0,0,0,0,0,0,0,0,8,2,0,0,0
"9","2009-596",10.461,0.923,"Mackenzie Shelf",2009,"345","2009-08-15","2009-07-02",44,12.1756506915521,27.7580551892552,2.11825601620602,4.64665932766174,6.35040179293622,0.444188827804392,0,0,0,0,0,0,0,0,0,0,0,0,0,0,3,0,0,0,0,0,0,0,0,0,0,0,0,0,0,0,0,0,0,0,0,0,0,0,0,0,0,4,0,0,0,0,0,0,0,0,2,6,0,0,0,0,0,0,0,0,0,3,0,0,0
"10","2009-598",11.692,1.076,"Mackenzie Shelf",2009,"345","2009-08-15","2009-07-02",44,12.1756506915521,27.7580551892552,2.11825601620602,4.01191371451894,9.05582419622822,0.343133229089885,0,0,0,0,0,0,0,0,0,0,0,0,0,0,2,0,0,0,0,1,0,0,1,0,0,0,0,0,0,0,0,0,0,0,0,0,0,0,0,0,0,3,0,0,0,0,0,0,0,0,2,5,0,0,0,0,0,0,0,0,3,3,0,0,0
"11","2010-102",11.324,0.993,"Lancaster Sound",2010,"305","2010-08-08","2010-07-16",23,3.50126732940252,29.2814705882353,-0.812222222222222,2.65604396000792,8.17753186519068,0.234549978806775,0,0,0,0,0,0,0,0,0,0,0,0,0,0,3,0,0,0,0,0,0,0,0,0,0,0,6,0,0,0,0,0,0,0,0,0,0,0,0,0,0,0,0,0,0,0,0,0,0,0,0,1,0,0,0,0,0,0,0,0,0,1,0,0,0
"12","2010-108",12.072,1.587,"Lancaster Sound",2010,"305","2010-08-08","2010-07-16",23,3.50126732940252,29.2814705882353,-0.812222222222222,3.51178340823155,10.0285564367315,0.290903198163647,0,0,0,0,0,0,0,0,0,0,0,0,0,0,3,0,0,0,0,0,0,0,0,0,0,0,2,0,0,0,0,0,0,0,0,0,0,0,0,0,0,1,0,0,0,0,0,0,0,0,0,4,0,0,0,0,0,0,0,0,0,0,0,0,0
"13","2010-112",13.568,1.854,"Lancaster Sound",2010,"305","2010-08-08","2010-07-16",23,3.50126732940252,29.2814705882353,-0.812222222222222,24.6404368927212,14.557547064857,1.8160699360791,0,0,0,0,0,0,0,2,0,0,1,0,0,0,7,0,0,0,0,0,0,0,0,0,0,0,0,0,0,0,0,0,0,0,0,0,1,0,0,0,0,4,0,0,0,0,0,0,0,0,4,4,0,0,0,0,0,0,0,0,5,7,0,0,0
"14","2010-14",17.947,2.553,"Lancaster Sound",2010,"301","2010-08-07","2010-07-16",22,3.50126732940252,28.5462537878788,0.59842803030303,51.716133365579,35.5301247106915,2.8816032409639,0,0,0,0,0,0,0,0,0,0,1,0,0,1,2,0,0,0,0,3,0,1,0,0,0,0,14,0,0,0,0,0,0,0,0,0,0,0,0,0,0,0,0,1,0,0,0,0,0,0,3,0,0,0,0,0,0,0,0,0,1,0,0,0,0
"15","2010-145",9.446,1,"Peel Sound",2010,"310","2010-08-09","2010-08-06",3,0.460334394540943,28.3282,0.019,2.46275429239819,4.58567869845603,0.260719277196505,0,0,0,0,0,0,0,0,0,0,0,0,0,0,2,0,0,0,0,0,0,0,0,0,0,0,1,0,0,0,0,0,0,0,0,0,1,0,0,0,0,0,0,0,0,0,0,0,0,0,0,2,0,0,0,0,0,0,0,0,0,0,0,0,0
"16","2010-146",11.965,1.322,"Peel Sound",2010,"310","2010-08-09","2010-08-06",3,0.460334394540943,28.3282,0.019,5.86386018125017,9.74774617478112,0.490084428019237,0,0,0,0,0,0,0,0,0,0,0,0,0,0,2,0,0,0,0,0,0,1,0,0,0,0,2,0,0,0,0,0,0,0,0,0,4,0,0,0,0,0,0,2,0,0,0,0,0,0,0,4,0,0,0,0,0,0,0,0,0,4,0,0,0
"17","2010-147",10.363,1.125,"Peel Sound",2010,"310","2010-08-09","2010-08-06",3,0.460334394540943,28.3282,0.019,2.6460692458503,6.16256380169879,0.255338149749136,0,0,0,0,0,0,0,0,0,0,0,0,0,0,2,0,0,0,0,0,0,0,0,0,0,0,2,0,0,0,0,0,0,0,0,0,2,0,0,0,0,0,0,0,0,0,0,0,0,0,0,2,0,0,0,0,0,0,0,0,0,0,0,0,0
"18","2010-149",11.752,1.111,"Peel Sound",2010,"310","2010-08-09","2010-08-06",3,0.460334394540943,28.3282,0.019,1.07810013503967,9.20490427680713,0.0917375880734917,0,0,0,0,0,0,0,0,0,0,0,0,0,0,0,0,0,0,0,0,0,0,0,0,0,0,1,0,0,0,0,0,0,0,0,0,0,0,0,0,0,0,0,0,0,0,0,0,0,0,0,1,0,0,0,0,0,0,0,0,0,6,0,0,0
"19","2010-151",10.042,1.005,"Peel Sound",2010,"310","2010-08-09","2010-08-06",3,0.460334394540943,28.3282,0.019,15.5413294559671,5.57402846042382,1.54763288746933,0,0,0,0,1,0,0,0,0,0,0,0,0,0,13,0,0,0,0,0,0,4,0,0,0,0,0,0,0,0,0,0,0,0,0,0,7,0,0,5,0,3,0,5,0,0,0,0,0,0,0,24,0,0,0,0,0,0,0,0,0,10,0,0,0
"20","2010-158",9.829,1.058,"Peel Sound",2010,"310","2010-08-09","2010-08-06",3,0.460334394540943,28.3282,0.019,4.29193118966054,5.20556014120298,0.436660005052451,0,0,0,0,0,0,0,0,0,0,0,0,0,0,3,0,0,0,0,0,0,1,0,0,0,0,3,0,0,0,0,0,0,0,0,0,1,0,0,0,0,1,0,2,0,0,0,0,0,0,0,3,0,0,0,0,0,0,0,0,0,4,0,0,0
"21","2010-163",10.363,1.164,"Peel Sound",2010,"310","2010-08-09","2010-08-06",3,0.460334394540943,28.3282,0.019,0.806050705072634,6.16256380169879,0.077781598482354,0,0,0,0,2,0,0,0,0,0,0,0,0,0,0,0,0,0,0,0,0,0,0,0,0,0,1,0,0,0,0,0,0,0,0,0,0,0,0,0,0,0,0,0,0,0,0,0,0,0,0,0,0,0,0,0,0,0,0,0,0,0,0,0,0
"22","2010-164",10.897,1.481,"Peel Sound",2010,"310","2010-08-09","2010-08-06",3,0.460334394540943,28.3282,0.019,1.09585751446658,7.2338893728809,0.100565065106597,0,0,0,0,0,0,0,0,0,0,0,0,0,0,0,0,0,0,0,0,0,0,0,0,0,0,4,0,0,0,1,0,0,0,0,0,0,0,0,0,0,2,0,0,0,0,0,0,0,0,0,2,0,0,0,0,0,0,0,0,1,1,0,0,0
"23","2010-168",9.401,0.952,"Peel Sound",2010,"310","2010-08-09","2010-08-06",3,0.460334394540943,28.3282,0.019,1.7589965251194,4.51635339869627,0.187107384865376,0,0,0,0,0,0,0,0,0,0,0,0,0,0,2,0,0,0,0,0,0,0,0,0,0,0,2,0,0,0,0,0,0,0,0,0,1,0,0,0,0,0,0,0,0,0,0,0,0,0,0,1,0,0,0,0,0,0,0,0,0,1,0,0,0
"24","2010-183",10.79,1.318,"Peel Sound",2010,"310","2010-08-09","2010-08-06",3,0.460334394540943,28.3282,0.019,4.62608633172707,7.00972689861063,0.428738306925586,0,0,0,0,0,0,0,0,0,0,0,0,0,0,3,0,0,0,0,0,0,0,0,0,0,0,3,0,0,0,0,0,0,0,0,0,2,0,0,0,0,1,0,0,0,0,0,0,0,0,0,1,0,0,0,0,0,0,0,0,1,5,0,0,0
"25","2010-185",11.645,1.164,"Peel Sound",2010,"310","2010-08-09","2010-08-06",3,0.460334394540943,28.3282,0.019,2.7921417662801,8.9402090021636,0.239771727460722,0,0,0,0,0,0,0,0,0,0,0,0,0,0,1,0,0,0,0,0,0,0,0,0,0,1,0,0,0,0,0,0,0,0,0,0,0,0,0,0,0,0,0,1,0,0,0,0,0,0,0,5,0,0,0,0,0,0,0,0,0,5,0,0,0
"26","2010-188",12.713,1.322,"Peel Sound",2010,"310","2010-08-09","2010-08-06",3,0.460334394540943,28.3282,0.019,7.06856536342136,11.8280719969602,0.556010804957237,0,0,0,0,0,0,0,0,0,0,0,0,0,0,2,0,0,0,0,0,0,0,0,0,0,0,9,0,0,0,0,0,0,0,0,0,1,0,0,1,0,0,0,2,0,0,0,0,0,0,0,3,0,0,0,0,0,0,0,0,1,4,0,0,0
"27","2010-192",11.431,1.375,"Peel Sound",2010,"310","2010-08-09","2010-08-06",3,0.460334394540943,28.3282,0.019,1.40709618814599,8.42658035348749,0.123094758826523,0,0,0,0,0,0,0,0,0,0,0,0,0,0,1,0,0,0,0,0,0,0,0,0,0,0,1,0,0,0,0,0,0,0,1,0,0,0,0,0,0,0,0,0,0,0,0,0,0,0,0,0,0,0,0,0,0,0,0,0,0,1,0,0,0
"28","2010-196",11.859,1.181,"Larsen Sound - Victoria Strait",2010,"312","2010-08-10","2010-08-13",-3,0.400446066666667,24.594,2.929,4.59640227991912,9.47493042943885,0.387587678549551,0,0,0,0,2,0,0,1,0,0,0,0,0,0,1,0,0,0,0,0,0,0,0,0,0,0,11,0,0,0,0,0,0,0,1,0,0,0,0,1,0,0,0,0,0,0,0,0,0,0,0,0,0,0,0,0,0,0,0,0,2,1,0,0,0
"29","2010-198",10.576,1.058,"Larsen Sound - Victoria Strait",2010,"312","2010-08-10","2010-08-13",-3,0.400446066666667,24.594,2.929,0.586010202504915,6.57579233946124,0.0554094366967582,0,0,0,0,0,0,0,0,0,0,0,0,0,0,0,0,0,0,0,0,0,0,0,0,0,0,1,0,0,0,0,0,0,0,0,0,0,0,0,0,0,1,0,1,0,0,0,0,0,0,0,1,0,0,0,0,0,0,0,0,0,0,0,0,0
"30","2010-202",11.859,1.428,"Larsen Sound - Victoria Strait",2010,"312","2010-08-10","2010-08-13",-3,0.400446066666667,24.594,2.929,2.38497648045175,9.47493042943885,0.201111095408698,0,0,0,0,0,0,0,0,0,0,0,0,0,0,1,0,0,0,0,0,0,0,0,0,0,1,7,0,0,0,0,0,0,0,0,0,1,0,0,2,0,0,0,1,0,0,0,0,0,0,0,1,0,0,0,0,0,0,0,0,1,0,0,0,0
"31","2010-204",8.76,0.954,"Larsen Sound - Victoria Strait",2010,"312","2010-08-10","2010-08-13",-3,0.400446066666667,24.594,2.929,2.13821948599045,3.6053778657483,0.244088982419001,0,0,0,0,0,0,0,0,0,0,0,0,0,0,0,0,0,0,0,0,0,1,0,0,0,0,3,0,0,0,0,0,0,0,0,1,0,0,0,4,0,0,0,1,0,0,0,0,0,0,0,1,0,0,0,0,0,0,0,0,0,3,0,0,0
"32","2010-216",12.5,1.655,"Larsen Sound - Victoria Strait",2010,"312","2010-08-10","2010-08-13",-3,0.400446066666667,24.594,2.929,3.84969016050967,11.2074195739606,0.307975212840774,0,0,0,0,0,0,0,0,0,0,0,0,0,0,1,0,0,0,0,0,0,0,0,0,0,1,0,0,0,0,0,0,0,0,0,0,0,0,0,0,0,0,0,1,0,0,0,0,0,0,0,0,0,0,0,0,0,0,0,0,3,2,0,0,0
"33","2010-217",12.82,1.788,"Larsen Sound - Victoria Strait",2010,"312","2010-08-10","2010-08-13",-3,0.400446066666667,24.594,2.929,7.74172953071109,12.1485792142312,0.603879058557808,0,0,0,0,0,0,0,0,0,0,0,0,0,0,1,0,0,0,0,0,0,0,0,0,0,1,20,0,0,0,0,0,0,0,0,0,0,0,0,0,0,0,0,0,0,0,0,0,0,0,0,0,0,0,0,0,0,0,0,0,2,0,0,0,0
"34","2010-223",10.47,1.164,"Larsen Sound - Victoria Strait",2010,"312","2010-08-10","2010-08-13",-3,0.400446066666667,24.594,2.929,1.79535272024628,6.36784676496842,0.171475904512538,0,0,0,0,0,0,0,0,0,0,0,0,0,0,2,0,0,0,0,0,0,0,0,0,0,0,2,0,0,0,0,0,0,0,0,0,0,0,0,0,0,0,0,0,0,0,0,0,0,0,0,2,0,0,0,0,0,0,0,0,0,2,0,0,0
"35","2010-232",11.645,1.322,"Larsen Sound - Victoria Strait",2010,"312","2010-08-10","2010-08-13",-3,0.400446066666667,24.594,2.929,1.52529496908418,8.9402090021636,0.13098282259203,0,0,0,0,0,0,0,0,0,0,0,0,0,0,0,0,0,0,0,0,0,0,0,0,0,0,11,0,0,0,4,0,0,0,0,0,0,0,0,0,0,0,0,0,0,0,0,0,0,0,0,1,0,0,0,0,0,0,0,0,0,0,0,0,0
"36","2010-236",11.004,1.192,"Larsen Sound - Victoria Strait",2010,"312","2010-08-10","2010-08-13",-3,0.400446066666667,24.594,2.929,2.19377891948921,7.46292445099301,0.199361951971029,0,0,0,0,1,0,0,0,0,0,0,0,0,0,1,0,0,0,0,0,0,0,0,0,0,0,1,0,0,0,0,0,0,0,0,0,0,0,0,0,0,0,0,0,0,0,0,0,0,0,0,1,0,0,0,0,0,0,0,0,0,3,0,0,0
"37","2010-237",11.324,1.058,"Larsen Sound - Victoria Strait",2010,"312","2010-08-10","2010-08-13",-3,0.400446066666667,24.594,2.929,1.69694755161444,8.17753186519068,0.149854075557616,0,0,0,0,0,0,0,1,0,0,0,0,0,0,0,0,0,0,0,0,0,1,0,0,0,0,1,0,0,0,0,0,0,0,0,0,1,0,0,0,0,0,0,0,0,0,0,0,0,0,0,1,0,0,0,0,0,0,0,0,1,1,0,0,0
"38","2010-243",11.538,1.322,"Larsen Sound - Victoria Strait",2010,"312","2010-08-10","2010-08-13",-3,0.400446066666667,24.594,2.929,0.51590454609177,8.68078689700415,0.0447135158685881,0,0,0,0,0,0,0,0,0,0,0,0,0,0,0,0,0,0,0,0,0,0,0,0,0,0,3,0,0,0,0,0,0,0,0,0,0,0,0,1,0,0,0,0,0,0,0,0,0,0,0,1,0,0,0,0,0,0,0,0,0,0,0,0,0
"39","2010-244",11.324,1.324,"Larsen Sound - Victoria Strait",2010,"312","2010-08-10","2010-08-13",-3,0.400446066666667,24.594,2.929,2.27271165024083,8.17753186519068,0.200698662154789,0,0,0,0,0,0,0,0,0,0,0,0,0,0,3,0,0,0,0,0,0,0,0,0,0,0,3,0,0,0,0,0,0,0,0,0,0,0,0,0,0,0,0,0,0,0,0,0,0,0,0,0,0,0,0,0,0,0,0,0,0,1,0,0,0
"40","2010-279",29,3.67637887263882,"Mackenzie Shelf",2010,"14","2010-08-16","2010-06-11",66,34.7037923445826,26.1344,9.208,19.0269374963968,164.214802677493,0.656101292979199,0,0,1,0,1,0,0,0,0,0,0,0,0,0,2,0,0,0,0,0,0,0,0,0,0,0,5,0,0,0,0,0,0,0,1,0,0,0,0,0,0,2,0,1,0,0,0,0,0,0,0,0,0,0,0,0,0,0,1,0,4,0,0,1,0
"41","2010-28",20.085,2.564,"Lancaster Sound",2010,"301","2010-08-07","2010-07-16",22,3.50126732940252,28.5462537878788,0.59842803030303,128.058121313026,50.877275493388,6.37580887792015,1,1,0,0,0,0,0,0,0,0,2,0,1,2,0,0,0,0,0,0,0,0,0,0,0,0,16,0,0,0,0,0,0,0,0,0,0,0,0,1,0,0,0,0,0,0,0,0,0,0,0,1,0,0,0,0,0,0,0,0,4,1,0,0,0
"42","2010-286",23,2.8859274243103,"Mackenzie Shelf",2010,"15","2010-08-16","2010-06-11",66,34.7037923445826,28.0503333333333,8.05922222222222,54.2013435764879,78.3924948955801,2.35658015549948,0,0,0,0,5,1,0,0,0,0,2,0,0,1,21,0,0,0,0,1,0,0,0,0,0,4,15,0,0,0,0,0,0,0,0,0,1,0,1,2,0,13,0,1,0,0,0,0,0,0,10,9,0,0,0,0,0,0,10,0,5,6,0,0,0
"43","2010-287",23,3.53682176664861,"Mackenzie Shelf",2010,"15","2010-08-16","2010-06-11",66,34.7037923445826,28.0503333333333,8.05922222222222,49.1434145845354,78.3924948955801,2.13667019932762,0,0,0,0,28,0,0,1,0,0,0,0,0,0,7,0,0,0,0,0,0,6,0,0,0,1,12,0,0,0,0,0,0,0,9,0,1,0,0,0,0,12,0,11,0,0,0,0,0,0,6,0,0,0,0,0,0,0,3,0,10,1,0,0,0
"44","2010-289",17,1.87330106324538,"Mackenzie Shelf",2010,"15","2010-08-16","2010-06-11",66,34.7037923445826,28.0503333333333,8.05922222222222,27.6337913370877,29.8878550758399,1.62551713747575,0,0,0,0,2,0,0,0,0,0,0,0,0,0,12,0,0,0,0,0,0,0,0,0,0,3,3,0,0,0,0,0,0,0,1,1,4,0,0,0,0,1,0,1,0,0,0,0,0,0,1,3,0,0,0,0,0,0,0,0,2,4,0,0,0
"45","2010-303",21,2.71957535396998,"Mackenzie Shelf",2010,"10","2010-08-16","2010-06-11",66,34.7037923445826,27.1691666666667,8.669,18.0244174564622,58.6465190396287,0.858305593164865,0,0,0,0,0,0,0,0,0,0,0,0,0,0,9,0,0,0,0,0,0,0,0,0,0,0,20,0,0,0,0,0,0,0,1,0,1,0,0,0,0,0,0,5,0,0,0,0,0,0,0,1,0,0,0,0,0,0,0,0,0,6,0,0,0
"46","2010-305",26,2.87141348528732,"Mackenzie Shelf",2010,"10","2010-08-16","2010-06-11",66,34.7037923445826,27.1691666666667,8.669,3.34474699796181,115.911805193533,0.128644115306223,0,0,0,0,0,0,0,0,0,0,0,0,0,0,3,0,0,0,0,0,0,0,0,0,0,3,3,0,0,0,0,0,0,0,0,0,0,0,0,0,0,0,0,2,0,0,0,0,0,0,0,0,0,0,0,0,0,0,0,0,0,2,0,0,0
"47","2010-308",38,5.41246927115695,"Mackenzie Shelf",2010,"10","2010-08-16","2010-06-11",66,34.7037923445826,27.1691666666667,8.669,416.931792688084,388.930823083688,10.9718892812654,0,0,0,0,1,0,0,1,0,2,11,0,2,5,0,0,0,0,0,0,0,0,0,0,0,9,0,0,0,0,0,0,1,0,0,2,0,0,0,0,0,0,0,0,0,1,0,0,0,0,2,0,0,0,0,0,0,0,0,0,10,2,0,0,0
"48","2010-321",31,4.70016980218295,"Mackenzie Shelf",2010,"10","2010-08-16","2010-06-11",66,34.7037923445826,27.1691666666667,8.669,142.788735792359,203.145166196972,4.60608825136643,0,0,0,0,8,0,0,0,0,0,2,0,0,0,8,0,0,0,0,0,0,0,0,0,0,0,19,0,0,0,0,0,0,0,2,0,0,0,0,0,0,1,0,3,0,0,0,0,0,0,0,1,0,0,0,0,0,0,0,0,4,6,0,1,0
"49","2010-337",33,5.0328739428636,"Mackenzie Shelf",2010,"12","2010-08-16","2010-06-11",66,34.7037923445826,27.94775,8.08425,118.531650480488,247.983141657144,3.59186819637842,0,0,0,0,0,0,0,0,0,0,0,0,0,0,1,0,0,0,0,0,0,0,0,0,0,0,2,0,0,0,0,0,0,0,0,0,0,0,0,0,0,0,0,1,0,0,0,0,0,0,0,0,0,0,0,0,0,2,0,0,5,0,0,0,0
"50","2010-366",13,2.1165463097292,"Mackenzie Shelf",2010,"5","2010-08-19","2010-06-11",69,34.7037923445826,25.854,9.7882,8.62780697044128,12.7011189500901,0.663677459264714,0,0,0,0,0,0,0,0,0,0,0,0,0,0,3,0,0,0,0,0,0,0,0,0,0,0,1,0,0,0,0,0,0,0,0,0,0,0,0,0,0,0,0,0,0,0,0,0,0,0,0,0,0,0,0,0,0,0,0,0,1,1,0,0,0
"51","2010-398",42,6.36369050558618,"Mackenzie Shelf",2010,"1","2010-08-21","2010-06-11",71,34.7037923445826,25.9232,10.1243,1503.09505374842,535.214567859161,35.7879774702004,0,0,0,0,12,0,0,0,0,0,2,0,3,0,0,0,0,0,0,0,0,0,0,0,0,0,4,0,0,0,0,0,0,0,0,0,0,0,0,0,0,0,0,0,0,0,0,0,0,0,0,0,0,0,0,0,0,0,0,0,3,0,0,0,0
"52","2010-42",10.47,1.269,"Lancaster Sound",2010,"301","2010-08-07","2010-07-16",22,3.50126732940252,28.5462537878788,0.59842803030303,8.06792292467703,6.36784676496842,0.770575255461035,0,0,0,0,0,0,0,0,0,0,0,0,0,0,5,0,0,0,0,0,0,0,0,0,0,0,2,0,0,0,0,0,0,0,0,0,0,0,0,0,0,0,0,0,0,0,0,0,0,0,0,2,0,0,0,0,0,0,0,0,0,1,0,0,0
"53","2010-438",31,4.03476152082166,"Mackenzie Shelf",2010,"2","2010-08-21","2010-06-11",71,34.7037923445826,27.7338947368421,8.07457894736842,15.9450534393861,203.145166196972,0.514356562560843,0,0,0,0,8,1,0,0,0,0,0,0,0,0,2,0,0,0,0,0,0,0,0,0,0,0,4,0,0,0,0,0,0,0,3,0,0,0,0,0,0,0,0,2,0,0,0,0,0,0,0,0,0,0,0,0,0,0,0,0,1,3,0,0,0
"54","2010-450",27.518,3.20188471227213,"Mackenzie Shelf",2010,"8","2010-08-22","2010-06-11",72,34.7037923445826,27.83875,9.217,74.9865250915103,138.91223314012,2.72499909482921,0,0,0,0,3,0,0,0,0,0,1,0,1,0,10,0,0,0,4,0,0,3,0,0,0,0,40,0,0,0,0,0,3,0,3,0,6,0,3,0,0,30,0,30,0,0,0,0,0,0,7,1,0,0,0,0,0,0,16,0,9,9,0,0,0
"55","2010-452",19,2.20600520392603,"Mackenzie Shelf",2010,"6","2010-08-22","2010-06-11",72,34.7037923445826,25.0526414141414,9.95773737373737,24.5071981052075,42.6173730889144,1.28985253185303,0,0,0,0,2,0,0,0,0,0,0,0,0,2,3,0,0,0,0,0,0,5,0,0,0,2,1,0,0,0,0,0,0,0,0,0,1,0,0,0,0,6,0,3,0,0,0,0,0,0,4,1,0,0,0,0,0,0,1,0,6,7,0,0,0
"56","2010-466",27,3.03776555562765,"Mackenzie Shelf",2010,"16","2010-08-23","2010-06-11",73,34.7037923445826,28.3898709677419,6.97338709677419,34.9243327540533,130.741389767918,1.29349380570568,0,0,0,0,2,0,0,0,0,0,0,0,0,0,5,0,0,0,0,0,0,0,0,0,0,2,58,0,0,0,0,0,0,0,7,0,0,0,0,0,0,6,0,4,0,0,0,0,0,0,1,3,0,0,0,0,0,0,0,0,6,6,0,0,2
"57","2010-485",33,4.86652187252328,"Mackenzie Shelf",2010,"13","2010-08-24","2010-06-11",74,34.7037923445826,26.3201538461538,9.85553846153846,103.423040140041,247.983141657144,3.13403151939518,0,0,0,0,10,0,0,1,0,0,0,0,0,2,1,0,0,0,0,0,0,0,0,0,0,1,6,0,0,0,1,0,0,0,4,1,0,0,0,0,0,3,0,2,0,0,0,0,0,0,0,0,0,0,0,0,0,0,0,0,1,1,0,0,0
"58","2010-61",13.034,1.655,"Lancaster Sound",2010,"301","2010-08-07","2010-07-16",22,3.50126732940252,28.5462537878788,0.59842803030303,16.4390194393908,12.8073891488738,1.26124132571665,0,0,0,0,2,0,0,0,0,0,0,0,0,0,1,0,0,0,0,29,0,1,0,0,0,0,32,0,0,0,0,0,0,0,1,0,0,0,0,0,0,0,0,0,0,0,0,0,0,0,0,0,0,0,0,0,0,0,0,0,0,3,0,0,0
"59","2010-76",13.888,1.324,"Lancaster Sound",2010,"305","2010-08-08","2010-07-16",23,3.50126732940252,29.2814705882353,-0.812222222222222,3.46237953636531,15.681346725592,0.249307282284368,0,0,0,0,0,0,0,0,0,0,0,0,0,0,0,0,0,0,0,0,0,0,0,0,0,0,1,0,0,0,0,0,0,0,0,0,0,0,0,0,0,0,0,0,0,0,0,0,0,0,0,0,0,0,0,0,0,0,0,0,4,1,0,0,0
"60","2010-87",12.713,1.428,"Lancaster Sound",2010,"305","2010-08-08","2010-07-16",23,3.50126732940252,29.2814705882353,-0.812222222222222,10.7295362608719,11.8280719969602,0.843981456845111,0,0,0,0,2,0,0,0,0,0,0,0,0,0,2,0,0,0,0,0,0,1,0,0,0,0,2,0,0,0,0,0,0,0,0,0,2,0,0,0,0,3,0,0,0,0,0,0,0,0,1,2,0,0,0,0,0,0,1,0,6,2,0,0,0
"61","2010-89",12.82,1.693,"Lancaster Sound",2010,"305","2010-08-08","2010-07-16",23,3.50126732940252,29.2814705882353,-0.812222222222222,9.57655222077729,12.1485792142312,0.747000953258759,0,0,0,0,0,0,0,0,0,0,0,0,0,0,6,0,0,0,0,0,0,0,0,0,0,0,0,0,0,0,0,0,0,0,0,0,0,0,0,1,0,2,0,0,0,0,0,0,0,0,0,8,0,0,0,0,0,0,0,0,0,3,0,0,0
"62","2010-91",11.645,1.64,"Lancaster Sound",2010,"305","2010-08-08","2010-07-16",23,3.50126732940252,29.2814705882353,-0.812222222222222,16.624474022651,8.9402090021636,1.42760618485624,0,0,0,0,0,0,0,0,0,0,1,0,0,0,7,0,0,0,0,0,0,0,0,0,0,0,7,0,0,0,0,0,0,0,0,0,1,0,0,0,0,1,0,0,0,0,0,0,0,0,1,4,0,0,0,0,0,0,0,0,0,8,0,0,0
"63","2010-92",9.722,1.136,"Lancaster Sound",2010,"305","2010-08-08","2010-07-16",23,3.50126732940252,29.2814705882353,-0.812222222222222,4.44810166756228,5.02693311563282,0.457529486480383,0,5,0,0,1,0,0,0,0,0,0,0,0,0,3,0,0,0,0,0,0,0,0,0,0,0,1,0,0,0,0,0,0,0,0,0,0,0,0,0,0,1,0,0,0,0,0,0,0,0,0,0,0,0,0,0,0,0,0,0,1,9,0,0,0
"64","2010-99",12.713,1.693,"Lancaster Sound",2010,"305","2010-08-08","2010-07-16",23,3.50126732940252,29.2814705882353,-0.812222222222222,22.0732116144262,11.8280719969602,1.73627087347016,0,0,0,0,0,0,0,1,0,0,1,0,0,0,8,0,0,0,0,0,0,0,0,0,0,0,1,0,0,0,0,0,0,0,0,0,0,0,0,0,0,1,0,0,0,0,0,0,0,0,0,4,0,0,0,0,0,0,0,0,1,0,0,0,0
"65","2011-189",16,2.71,"Lancaster Sound",2011,"332","2011-08-04","2011-05-21",75,7.04683240646258,30.0028,4.34324166666667,49.0654852546622,24.6323265956393,3.06659282841639,0,0,0,0,0,0,0,0,0,0,0,0,0,2,4,0,0,0,0,10,0,0,0,0,0,0,2,0,0,0,0,0,0,0,0,0,0,0,1,1,0,3,0,0,2,0,0,0,0,0,6,1,0,0,0,0,0,0,0,0,6,2,0,0,0
"66","2011-194",10.42,1.85,"Lancaster Sound",2011,"332","2011-08-04","2011-05-21",75,7.04683240646258,30.0028,4.34324166666667,0.577016228657971,6.27134529016366,0.0553758376831066,0,0,0,0,1,0,0,0,0,0,0,0,0,0,0,0,0,0,0,2,0,1,0,0,0,0,1,0,0,0,0,0,0,0,0,0,0,0,0,0,0,0,0,0,0,0,0,0,0,0,0,0,0,0,0,0,0,0,0,0,0,0,0,0,0
"67","2011-197",11.85,1.85,"Lancaster Sound",2011,"332","2011-08-04","2011-05-21",75,7.04683240646258,30.0028,4.34324166666667,9.48394192218571,9.45201118972464,0.800332651661241,0,0,0,0,1,0,0,0,0,0,2,0,0,0,3,0,0,0,0,0,0,0,0,0,0,0,2,0,0,0,0,0,0,0,0,0,0,0,0,0,0,0,0,0,0,0,0,0,0,0,1,1,0,0,0,0,0,0,0,0,1,2,0,0,0
"68","2011-199",11.14,2,"Lancaster Sound",2011,"332","2011-08-04","2011-05-21",75,7.04683240646258,30.0028,4.34324166666667,8.22422093463029,7.76115663227942,0.738260407058374,0,0,0,0,0,0,0,0,0,0,0,0,0,0,2,0,0,0,0,0,0,1,0,0,0,0,2,0,0,0,0,0,0,0,0,0,3,0,0,0,0,1,0,0,0,0,0,0,0,0,0,2,0,0,0,0,0,0,0,0,0,3,0,0,0
"69","2011-200",13.71,1.42,"Lancaster Sound",2011,"332","2011-08-04","2011-05-21",75,7.04683240646258,30.0028,4.34324166666667,6.07144889334473,15.0491569059751,0.442848205203846,0,0,0,0,2,0,0,0,0,0,0,0,0,0,0,0,0,0,0,7,0,0,0,0,0,0,0,0,0,0,0,0,0,0,0,0,1,0,0,0,0,1,0,1,1,0,0,0,0,0,1,0,0,0,0,0,0,0,0,0,1,1,0,0,0
"70","2011-201",16.28,2.7,"Lancaster Sound",2011,"332","2011-08-04","2011-05-21",75,7.04683240646258,30.0028,4.34324166666667,13.3030408711181,26.0339596414858,0.817140102648535,0,0,0,0,0,0,0,0,0,0,0,0,0,0,1,0,0,0,0,1,0,0,0,0,0,1,0,0,0,0,0,0,0,0,0,0,1,0,0,0,0,2,0,0,1,0,0,0,0,0,0,2,0,0,0,0,0,0,0,0,2,2,0,0,0
"71","2011-202",16.14,3,"Lancaster Sound",2011,"332","2011-08-04","2011-05-21",75,7.04683240646258,30.0028,4.34324166666667,84.901376166381,25.3264868723206,5.26030831266301,0,0,0,0,0,0,0,0,0,0,0,0,0,0,3,0,0,0,0,2,0,1,0,0,0,0,1,0,0,0,0,0,0,0,0,1,0,0,1,0,0,3,0,0,1,0,0,0,0,0,11,1,0,0,0,0,0,0,2,0,12,2,0,0,0
"72","2011-203",12.57,2.14,"Lancaster Sound",2011,"332","2011-08-04","2011-05-21",75,7.04683240646258,30.0028,4.34324166666667,6.21412792033998,11.4088593287422,0.49436180750517,0,0,0,0,0,0,0,0,0,0,2,0,0,0,0,0,0,0,0,1,0,0,0,0,0,0,1,0,0,0,0,0,0,0,0,0,0,0,0,0,0,2,0,0,1,0,0,0,0,0,0,0,0,0,0,0,0,0,0,0,1,1,0,0,0
"73","2011-204",11,1.57,"Lancaster Sound",2011,"332","2011-08-04","2011-05-21",75,7.04683240646258,30.0028,4.34324166666667,1.16653847429655,7.45427404953749,0.106048952208778,0,0,0,0,0,0,0,0,0,0,0,0,0,0,0,0,0,0,0,0,0,0,0,0,0,0,3,0,0,0,0,0,0,0,0,0,0,0,0,0,0,0,0,0,1,0,0,0,0,0,0,1,0,0,0,0,0,0,0,0,0,0,0,0,0
"74","2011-206",11,1.71,"Lancaster Sound",2011,"332","2011-08-04","2011-05-21",75,7.04683240646258,30.0028,4.34324166666667,3.92517924284518,7.45427404953749,0.356834476622289,0,0,0,0,4,0,0,0,0,0,0,0,0,0,0,0,0,0,0,0,0,0,0,0,0,0,8,0,0,0,0,0,0,0,0,0,0,0,0,0,0,0,0,0,0,0,0,0,0,0,0,1,0,0,0,0,0,0,0,0,0,0,0,0,0
"75","2011-209",16.71,3.14,"Lancaster Sound",2011,"332","2011-08-04","2011-05-21",75,7.04683240646258,30.0028,4.34324166666667,196.766078748794,28.2916036129286,11.7753488180008,1,0,0,0,0,0,0,1,0,0,2,0,0,2,0,0,0,0,0,1,0,0,0,0,0,0,0,0,0,0,0,0,0,0,0,1,0,0,0,0,0,0,0,0,0,0,0,0,0,0,0,0,0,0,0,0,0,0,0,0,1,0,0,0,0
"76","2011-210",16.71,2.7,"Lancaster Sound",2011,"332","2011-08-04","2011-05-21",75,7.04683240646258,30.0028,4.34324166666667,6.6085118817138,28.2916036129286,0.3954824585107,0,0,0,0,0,0,0,0,0,0,0,0,0,0,1,0,0,0,0,4,0,0,0,0,0,0,4,0,0,0,0,0,0,0,0,0,0,0,0,0,0,1,0,0,1,0,0,0,0,0,2,1,0,0,0,0,0,0,0,0,0,1,0,0,0
"77","2011-213",9.42,1.14,"Peel Sound",2011,"310","2011-08-08","2011-07-30",9,0.740788968379447,19.9355,3.54575,0.728327007257193,4.54553566233392,0.0773170920655194,0,0,0,0,0,0,0,0,0,0,0,0,0,0,1,0,0,0,0,0,0,0,3,0,0,0,1,0,0,0,0,0,0,0,0,0,0,0,0,1,0,0,0,0,0,0,0,0,0,0,0,0,0,0,0,0,0,0,0,0,0,2,0,0,0
"78","2011-214",15,2.14,"Peel Sound",2011,"310","2011-08-08","2011-07-30",9,0.740788968379447,19.9355,3.54575,16.6213287284831,20.0490503211771,1.10808858189888,0,0,0,0,0,0,0,0,0,0,1,0,0,0,1,0,0,0,0,0,0,0,0,0,0,0,0,0,0,0,0,0,0,0,1,0,0,0,0,0,0,2,0,0,0,0,0,0,0,0,2,1,0,0,0,0,0,0,0,0,4,0,0,0,0
"79","2011-215",11.14,1.42,"Peel Sound",2011,"310","2011-08-08","2011-07-30",9,0.740788968379447,19.9355,3.54575,3.55049520309235,7.76115663227942,0.318715906920318,0,0,0,0,0,0,0,0,0,0,0,0,0,0,4,0,0,0,0,0,0,0,1,0,0,0,2,0,0,0,0,0,0,0,0,0,1,0,0,1,0,0,0,0,0,0,0,0,0,0,0,2,0,0,0,0,0,0,0,0,0,1,0,0,0
"80","2011-219",12.14,1.42,"Peel Sound",2011,"310","2011-08-08","2011-07-30",9,0.740788968379447,19.9355,3.54575,1.22669976020258,10.2098720651608,0.101046108748153,0,0,0,0,0,0,0,0,0,0,0,0,0,0,1,0,0,0,0,0,0,0,0,0,0,0,0,0,0,0,0,0,0,0,0,0,0,0,0,0,0,0,0,0,0,0,0,0,0,0,0,5,0,0,0,0,0,0,0,0,0,2,0,0,0
"81","2011-222",11.85,1.42,"Peel Sound",2011,"310","2011-08-08","2011-07-30",9,0.740788968379447,19.9355,3.54575,13.114983878344,9.45201118972464,1.10674969437502,0,0,0,0,0,0,0,0,0,0,0,0,0,0,1,0,0,0,0,1,0,0,0,0,0,0,2,0,0,0,0,0,0,0,9,0,0,0,0,0,0,0,0,0,0,0,0,0,0,0,0,0,0,0,0,0,0,0,0,0,0,3,0,0,0
"82","2011-226",12.14,2,"Peel Sound",2011,"310","2011-08-08","2011-07-30",9,0.740788968379447,19.9355,3.54575,8.32861176136944,10.2098720651608,0.686047097312145,0,0,0,0,0,0,0,0,0,0,0,0,0,0,3,0,0,0,0,0,0,0,0,0,0,0,12,0,0,0,0,0,0,0,1,0,0,0,0,0,0,1,0,0,0,0,0,0,0,0,0,4,0,0,0,0,0,0,0,0,1,8,0,0,0
"83","2011-230",11.28,1.42,"Peel Sound",2011,"310","2011-08-08","2011-07-30",9,0.740788968379447,19.9355,3.54575,0.546443764737413,8.07660265441118,0.0484435961646643,0,0,0,0,0,0,0,0,0,0,0,0,0,0,0,0,0,0,0,0,0,0,9,0,0,0,2,0,0,0,0,0,0,0,0,0,0,0,0,2,0,0,0,0,0,0,0,0,0,0,0,0,0,0,0,0,0,0,0,0,0,2,0,0,0
"84","2011-232",12.86,2,"Peel Sound",2011,"310","2011-08-08","2011-07-30",9,0.740788968379447,19.9355,3.54575,0.576013101498225,12.2699100595955,0.0447910654353208,0,0,0,0,0,0,0,0,0,0,0,0,0,0,0,0,0,0,0,0,0,0,0,0,0,0,1,0,0,0,0,0,0,0,0,0,0,0,0,0,0,0,0,0,0,0,0,0,0,0,0,0,0,0,0,0,0,0,0,0,1,1,0,0,0
"85","2011-235",61,8,"Peel Sound",2011,"310","2011-08-08","2011-07-30",9,0.740788968379447,19.9355,3.54575,1082.92923051672,1760.21153702329,17.752938205192,0,0,0,0,0,0,0,1,0,0,1,0,1,1,0,1,0,0,0,0,0,0,0,0,0,4,0,0,0,0,0,0,0,0,0,1,0,0,0,0,0,0,0,0,0,0,0,0,0,0,1,0,0,0,0,0,0,0,0,0,31,0,0,0,0
"86","2011-245",11.42,1.86,"Coronation Maud",2011,"314","2011-08-10","2011-07-16",25,0.249010208998549,25.8585,4.50483333333333,5.80046107483862,8.40074033491315,0.507921285012139,0,0,0,0,0,0,0,0,0,0,0,0,0,0,0,0,0,0,0,0,0,0,5,0,0,0,0,0,0,0,0,0,0,0,0,0,2,0,0,0,0,0,0,0,0,0,0,0,0,0,2,5,0,0,0,0,0,0,0,0,0,0,0,0,0
"87","2011-246",13.14,2.29,"Coronation Maud",2011,"314","2011-08-10","2011-07-16",25,0.249010208998549,25.8585,4.50483333333333,32.2363503321315,13.1426185922265,2.45329911203436,0,0,0,0,0,0,0,0,0,0,0,0,0,0,5,0,0,0,1,0,0,0,3,0,0,0,1,0,0,0,0,0,0,0,0,0,0,0,2,0,0,0,0,2,0,0,0,0,0,0,10,5,0,0,0,0,0,0,0,0,1,0,0,0,0
"88","2011-247",16.86,2.42,"Coronation Maud",2011,"314","2011-08-10","2011-07-16",25,0.249010208998549,25.8585,4.50483333333333,45.7989879127477,29.1097408214338,2.71642870182371,0,0,0,0,0,0,0,0,0,0,1,0,0,0,3,0,0,0,0,0,0,0,0,0,0,0,61,0,0,0,0,0,0,0,0,0,0,0,1,0,0,0,0,0,0,0,0,0,0,0,14,8,0,0,0,0,0,0,0,0,2,1,0,0,0
"89","2011-248",17.14,2.71,"Coronation Maud",2011,"314","2011-08-10","2011-07-16",25,0.249010208998549,25.8585,4.50483333333333,25.7415998109133,30.6801301478886,1.50184362957487,2,0,0,0,0,0,0,0,0,0,0,0,0,0,5,0,0,0,0,0,0,0,0,0,0,0,14,0,0,0,0,0,0,0,0,0,0,0,0,0,0,0,0,0,0,0,0,0,0,0,5,0,0,0,0,0,0,0,0,0,0,0,0,0,0
"90","2011-249",23.13,4,"Coronation Maud",2011,"314","2011-08-10","2011-07-16",25,0.249010208998549,25.8585,4.50483333333333,51.0898001982086,79.8147133119992,2.20881107644655,1,0,0,0,0,0,0,0,0,0,0,0,0,0,0,0,0,0,0,0,0,0,0,0,0,0,55,0,0,0,0,0,0,0,0,0,0,0,5,0,0,0,0,0,0,0,0,0,0,0,14,0,0,0,0,0,0,0,0,0,0,0,0,0,0
"91","2011-250",16,2.42,"Coronation Maud",2011,"314","2011-08-10","2011-07-16",25,0.249010208998549,25.8585,4.50483333333333,27.0501899440285,24.6323265956393,1.69063687150178,2,0,0,0,0,0,0,0,0,0,0,0,0,0,2,0,0,0,0,0,0,0,0,0,0,0,25,0,0,0,0,0,0,0,0,0,0,0,0,0,0,0,0,0,0,0,0,0,0,0,7,3,0,0,0,0,0,0,0,0,0,0,0,0,0
"92","2011-251",16.14,2.29,"Coronation Maud",2011,"314","2011-08-10","2011-07-16",25,0.249010208998549,25.8585,4.50483333333333,8.5737029253752,25.3264868723206,0.531208359688674,0,0,0,0,0,0,0,0,0,0,0,0,0,0,0,0,0,0,0,0,0,0,0,0,0,0,1,0,0,0,0,0,0,0,0,0,0,0,0,0,0,1,0,0,0,0,0,0,0,0,3,1,0,0,0,0,0,0,0,0,0,0,0,0,0
"93","2011-252",17.14,2.42,"Coronation Maud",2011,"314","2011-08-10","2011-07-16",25,0.249010208998549,25.8585,4.50483333333333,25.7619574425176,30.6801301478886,1.50303135603953,1,0,0,0,1,0,0,0,0,0,0,0,0,0,1,0,0,0,0,0,0,0,0,0,0,0,32,0,0,0,0,0,0,0,0,0,0,0,0,0,0,0,0,0,0,0,0,0,0,0,8,0,0,0,0,0,0,0,0,0,0,0,0,0,0
"94","2011-253",12.86,1.85,"Coronation Maud",2011,"314","2011-08-10","2011-07-16",25,0.249010208998549,25.8585,4.50483333333333,2.9536171691457,12.2699100595955,0.229674740991112,0,0,0,0,6,0,0,0,0,0,0,0,0,0,0,0,0,0,0,1,0,0,5,0,0,0,0,0,0,0,0,0,0,0,0,0,0,0,0,0,0,0,0,0,0,0,0,0,0,0,0,6,0,0,0,0,0,0,0,0,7,0,0,0,0
"95","2011-254",12.14,1.86,"Coronation Maud",2011,"314","2011-08-10","2011-07-16",25,0.249010208998549,25.8585,4.50483333333333,6.22079321443888,10.2098720651608,0.512421187350813,0,0,0,0,1,0,0,0,0,0,0,0,0,0,0,0,0,0,0,0,0,0,0,0,0,0,0,0,0,0,0,0,0,0,0,0,0,0,0,0,0,0,0,0,0,0,0,0,0,0,2,0,0,0,0,0,0,0,0,0,0,0,0,0,0
"96","2014-121",21.248,3.154,"North Water",2014,"108","2014-08-01","2014-06-04",58,4.98640854203936,32.4803,3.6385,67.9561409034491,60.8845770599432,3.19823705306142,0,0,0,0,0,0,0,0,0,0,2,0,0,0,9,0,0,0,0,0,0,0,0,0,0,0,11,0,0,0,0,0,0,0,1,0,1,0,0,0,0,5,0,0,0,0,0,0,0,0,1,8,0,0,0,0,0,0,0,0,0,0,0,0,0
"97","2014-122",20.916,2.822,"North Water",2014,"108","2014-08-01","2014-06-04",58,4.98640854203936,32.4803,3.6385,88.6631380797908,57.9014619406538,4.23901023521662,0,0,0,0,0,0,0,0,0,0,7,0,2,1,4,0,0,0,0,0,0,0,0,0,0,0,9,0,0,0,0,0,0,0,1,1,1,0,0,0,0,4,0,1,0,0,0,0,0,0,7,0,0,0,0,0,0,0,0,0,9,0,0,0,0
"98","2014-123",18.924,2.49,"North Water",2014,"108","2014-08-01","2014-06-04",58,4.98640854203936,32.4803,3.6385,48.0105135174106,42.0759534636831,2.5370172013005,0,0,0,0,0,0,0,0,0,0,1,0,0,0,17,0,0,0,0,1,0,0,0,0,0,0,34,0,0,0,0,0,0,0,1,0,3,0,3,1,0,18,0,1,0,0,0,0,0,0,6,15,0,0,0,0,0,0,0,0,8,1,0,0,0
"99","2014-124",19.256,2.822,"North Water",2014,"108","2014-08-01","2014-06-04",58,4.98640854203936,32.4803,3.6385,17.9326736551214,44.4762820801432,0.931277194387278,0,0,0,0,0,0,0,0,0,0,0,0,0,0,0,0,0,0,0,0,0,0,0,0,0,1,10,0,0,0,0,0,0,0,3,0,1,0,0,0,0,4,0,0,0,0,0,0,0,0,0,1,0,0,0,0,0,0,0,0,1,3,0,0,0
"100","2014-147",23.24,3.32,"North Water",2014,"105","2014-08-01","2014-06-04",58,4.98640854203936,32.5150714285714,4.18992857142857,508.16876966534,81.0318817120814,21.8661260613313,0,0,0,0,5,0,0,0,0,0,5,0,2,1,1,0,0,0,0,0,0,0,0,0,0,0,3,0,0,0,0,0,0,1,0,0,0,0,3,0,0,5,0,1,0,0,3,0,0,0,5,1,0,0,0,0,0,0,0,0,7,0,0,0,0
"101","2014-148",20.584,2.988,"North Water",2014,"105","2014-08-01","2014-06-04",58,4.98640854203936,32.5150714285714,4.18992857142857,193.65567046061,55.0202635065643,9.40806793920567,0,0,0,0,0,0,0,0,0,0,2,0,1,5,0,0,0,0,0,0,0,0,0,0,0,0,10,0,0,0,0,0,0,0,0,0,0,0,0,0,0,0,0,0,0,0,0,0,0,0,2,0,0,0,0,0,0,0,0,0,3,1,0,0,0
"102","2014-149",19.588,2.656,"North Water",2014,"105","2014-08-01","2014-06-04",58,4.98640854203936,32.5150714285714,4.18992857142857,35.9476639310122,46.9689761825055,1.83518807080928,0,0,0,0,0,0,0,0,0,0,0,0,0,0,1,0,0,0,0,0,0,0,0,0,0,0,10,0,0,0,0,0,0,0,0,0,0,0,1,0,0,1,0,0,0,0,0,0,0,0,0,0,0,0,0,0,0,0,0,0,4,0,0,0,0
"103","2014-150",19.588,2.822,"North Water",2014,"105","2014-08-01","2014-06-04",58,4.98640854203936,32.5150714285714,4.18992857142857,126.886306713055,46.9689761825055,6.47775713258397,0,0,0,0,0,0,0,0,0,0,0,0,2,0,1,0,0,0,0,0,0,0,0,0,0,0,1,0,0,0,0,0,0,0,0,0,0,0,0,0,0,0,0,0,0,0,0,0,0,0,0,0,0,0,0,0,0,0,0,0,4,0,0,0,0
"104","2014-151",18.426,2.49,"North Water",2014,"105","2014-08-01","2014-06-04",58,4.98640854203936,32.5150714285714,4.18992857142857,56.7375070730543,38.6445089070702,3.0792091106618,0,0,0,0,1,0,0,0,0,0,5,0,1,0,8,0,0,0,1,0,0,0,0,0,0,0,7,0,0,0,0,0,0,0,1,0,2,0,0,0,0,3,0,1,0,0,0,0,0,0,5,4,0,0,0,0,0,0,0,0,4,2,0,0,0
"105","2014-152",18.758,2.49,"North Water",2014,"105","2014-08-01","2014-06-04",58,4.98640854203936,32.5150714285714,4.18992857142857,45.1245768757815,40.9098347338682,2.405617703155,0,0,0,0,1,0,0,0,0,0,0,0,0,0,2,0,0,0,0,0,0,0,0,0,0,0,5,0,0,0,0,0,0,0,1,0,0,0,1,0,0,1,0,0,0,0,0,0,0,0,12,1,0,0,0,0,0,0,0,0,2,0,0,0,0
"106","2014-173",12.948,1.66,"North Water",2014,"101","2014-08-01","2014-06-04",58,4.98640854203936,30.42525,2.274,12.7518003067984,12.5397613965021,0.984847104324868,0,0,0,0,0,0,0,0,0,0,0,0,0,0,8,0,0,0,0,0,0,0,0,0,0,0,0,0,0,0,0,0,0,0,0,0,1,0,0,0,0,0,0,0,0,0,0,0,0,0,1,0,0,0,0,0,0,0,0,0,0,0,0,0,0
"107","2014-175",15.106,1.992,"North Water",2014,"101","2014-08-01","2014-06-04",58,4.98640854203936,30.42525,2.274,10.754080496456,20.5045164452373,0.711907884049782,0,0,0,0,0,0,0,0,0,0,0,0,0,0,6,0,0,0,0,0,0,0,0,0,0,0,1,0,0,0,0,0,0,0,0,0,0,0,0,0,0,0,0,0,0,0,0,0,0,0,0,3,0,0,0,0,0,0,0,0,2,0,0,0,0
"108","2014-177",13.114,1.826,"North Water",2014,"101","2014-08-01","2014-06-04",58,4.98640854203936,30.42525,2.274,15.9095189972753,13.0598416616934,1.21317058085064,0,0,0,0,0,0,0,0,0,0,0,0,0,0,6,0,0,0,0,0,1,0,0,0,0,0,1,0,0,0,0,0,0,0,0,0,1,0,0,0,0,0,0,0,0,0,0,0,0,0,1,7,0,0,0,0,0,0,0,0,3,1,0,0,0
"109","2014-178",15.438,2.324,"North Water",2014,"101","2014-08-02","2014-06-04",59,4.98640854203936,31.4836666666667,1.23966666666667,78.6199540793851,21.9769842140714,5.09262560431307,0,0,0,0,1,0,0,0,0,0,1,0,4,0,3,0,0,0,0,0,0,0,0,0,0,0,0,0,0,0,0,0,0,0,0,1,0,0,1,0,0,2,0,0,0,0,0,0,0,0,2,1,0,0,0,0,0,0,0,0,4,1,0,0,0
"110","2014-179",24.734,3.32,"North Water",2014,"101","2014-08-06","2014-06-04",63,4.98640854203936,32.0707795210852,3.16212218124526,55.421540291719,98.8488648962664,2.24070268827197,0,0,0,0,2,0,0,0,0,0,4,0,1,0,2,0,0,0,0,0,3,0,0,0,0,0,4,0,0,0,0,0,0,0,0,0,0,0,0,0,0,2,0,1,0,0,0,0,0,0,0,1,0,0,0,0,0,0,0,0,5,0,0,0,0
"111","2014-207",10.458,1.328,"North Water",2014,"120","2014-08-06","2014-06-04",63,4.98640854203936,29.775,2.206875,4.34384213241554,6.34459410121747,0.415360693480163,0,0,0,0,0,0,0,0,0,0,0,0,0,0,1,0,0,0,0,0,0,0,0,0,0,0,0,0,0,0,0,0,0,0,0,0,1,0,0,0,0,3,0,0,0,0,0,0,0,0,2,2,0,0,0,0,0,0,0,0,0,2,0,0,0
"112","2014-208",9.794,0.996,"North Water",2014,"120","2014-08-06","2014-06-04",63,4.98640854203936,29.775,2.206875,2.16624756972015,5.14665915574261,0.221181087371875,0,0,0,0,0,0,0,0,0,0,0,0,0,0,2,0,0,0,0,0,0,0,0,0,0,0,1,0,0,0,0,0,0,0,0,0,0,0,0,1,0,0,0,0,0,0,0,0,0,0,0,2,0,0,0,0,0,0,0,0,0,0,0,0,0
"113","2014-213",10.292,1.328,"North Water",2014,"120","2014-08-06","2014-06-04",63,4.98640854203936,29.775,2.206875,11.5793682976585,6.02888472227126,1.12508436627075,0,0,0,0,0,0,0,1,0,0,1,0,0,0,1,0,0,0,0,0,0,0,0,0,0,1,0,0,0,0,0,0,0,0,0,0,0,0,0,0,0,0,0,0,0,0,0,0,0,0,3,0,0,0,0,0,0,0,0,0,4,0,0,0,0
"114","2014-234",10.458,0.83,"Peel Sound",2014,"309","2014-08-10","2014-09-03",-24,0.117005313840156,30.4663461538462,-1.01840384615385,0.664779179964552,6.34459410121747,0.063566569130288,0,0,0,0,0,0,0,0,0,0,0,0,0,0,0,0,0,0,0,0,0,0,0,0,0,0,2,0,0,0,0,0,0,0,0,0,0,0,0,0,0,0,0,0,0,0,0,0,0,0,0,3,0,0,0,0,0,0,0,0,2,1,0,0,0
"115","2014-236",11.454,1.162,"Peel Sound",2014,"309","2014-08-10","2014-09-03",-24,0.117005313840156,30.4663461538462,-1.01840384615385,0.456437820498882,8.48078571139297,0.0398496438361168,0,0,0,0,0,0,0,0,0,0,0,0,0,0,0,0,0,0,0,0,0,0,0,0,0,0,2,0,0,0,0,0,0,0,0,0,0,0,0,0,0,0,0,0,1,0,0,0,0,0,0,0,0,0,0,0,0,0,0,0,0,0,0,0,0
"116","2014-237",14.276,1.494,"Peel Sound",2014,"309","2014-08-10","2014-09-03",-24,0.117005313840156,30.4663461538462,-1.01840384615385,4.32049136278052,17.122120525952,0.302640190724329,0,0,0,0,0,0,0,0,0,0,0,0,0,0,2,0,0,0,0,0,0,0,0,0,0,0,4,0,0,0,0,0,0,0,0,0,2,0,0,1,0,0,0,0,0,0,0,0,0,0,1,7,0,0,0,0,0,0,0,0,2,2,0,0,0
"117","2014-238",12.118,1.162,"Peel Sound",2014,"309","2014-08-10","2014-09-03",-24,0.117005313840156,30.4663461538462,-1.01840384615385,1.9038462821104,10.1509669580701,0.157108952146427,0,0,0,0,0,0,0,0,0,0,0,0,0,0,0,0,0,0,0,0,0,1,0,0,0,0,0,0,0,0,0,0,0,0,0,0,0,0,0,1,0,1,0,0,0,0,0,0,0,0,1,2,0,0,0,0,0,0,0,0,5,2,0,0,0
"118","2014-239",13.778,1.328,"Peel Sound",2014,"309","2014-08-10","2014-09-03",-24,0.117005313840156,30.4663461538462,-1.01840384615385,5.14177159243313,15.2885608111985,0.373187080304335,0,0,0,0,0,0,0,0,0,0,0,0,0,0,4,0,0,0,0,0,0,0,1,0,0,0,1,0,0,0,0,0,0,0,0,0,0,0,0,1,0,1,0,0,0,0,0,0,0,0,4,8,0,0,0,0,0,0,0,0,5,4,0,0,0
"119","2014-260",15.106,1.826,"Peel Sound",2014,"310","2014-08-11","2014-09-03",-23,0.117005313840156,30.2813684210526,-1.05109064327485,20.7754063196087,20.5045164452373,1.37530824305632,0,0,0,0,0,0,0,0,0,0,0,0,0,0,14,0,0,0,0,0,0,1,0,0,0,0,4,0,0,0,0,0,0,0,0,0,0,0,0,2,0,2,0,0,0,0,0,0,0,0,2,21,0,0,0,0,0,0,0,0,10,6,0,0,0
"120","2014-261",12.948,1.162,"Peel Sound",2014,"310","2014-08-11","2014-09-03",-23,0.117005313840156,30.2813684210526,-1.05109064327485,11.2649517715644,12.5397613965021,0.870014810902413,0,0,0,0,0,0,0,0,0,0,0,0,0,0,8,0,0,0,0,0,0,0,0,0,0,0,0,0,0,0,0,0,0,0,0,0,1,0,0,5,0,1,0,0,0,0,0,0,0,0,1,18,0,0,0,0,0,0,0,0,0,7,0,0,0
"121","2014-262",11.288,0.996,"Peel Sound",2014,"310","2014-08-11","2014-09-03",-23,0.117005313840156,30.2813684210526,-1.05109064327485,8.12181772281969,8.09488944631961,0.719509011589271,0,0,0,0,0,0,0,0,0,0,0,0,0,1,3,0,0,0,0,0,0,0,1,0,0,0,1,0,0,0,0,0,0,0,0,0,0,0,0,4,0,0,0,0,1,0,0,0,0,0,2,9,0,0,0,0,0,0,0,0,1,6,0,0,0
"122","2014-263",12.45,1.328,"Peel Sound",2014,"310","2014-08-11","2014-09-03",-23,0.117005313840156,30.2813684210526,-1.05109064327485,15.4324645519153,11.0650382757777,1.23955538569601,0,0,0,0,0,0,0,0,0,0,0,0,0,0,11,0,0,0,0,0,0,0,1,0,0,0,4,0,0,0,0,0,0,0,0,0,0,0,0,5,0,0,0,0,0,0,0,0,0,0,2,9,0,0,0,0,0,0,0,0,4,18,0,0,0
"123","2014-264",11.288,1.162,"Peel Sound",2014,"310","2014-08-11","2014-09-03",-23,0.117005313840156,30.2813684210526,-1.05109064327485,15.4814673593532,8.09488944631961,1.37149781709365,0,0,0,0,0,0,0,0,4,0,0,0,0,0,14,0,0,0,0,0,0,0,1,0,0,0,1,0,0,0,0,0,0,0,0,0,1,0,0,10,0,0,0,0,0,0,0,0,0,0,0,19,0,0,0,0,0,0,0,0,5,8,0,0,0
"124","2014-309",23,3.5,"Mackenzie Shelf",2014,"434","2014-08-23","2014-06-25",59,4.49090140486504,30.7277333333333,5.26095,144.5573482536,78.3924948955801,6.28510209798263,0,0,0,1,1,0,0,0,0,0,4,0,0,2,1,0,0,0,0,72,0,0,0,0,0,0,168,0,0,11,0,0,0,0,0,0,0,0,1,0,0,3,0,0,0,0,0,0,54,0,15,2,0,0,2,0,0,0,2,0,23,0,0,0,0
"125","2014-310",43,5,"Mackenzie Shelf",2014,"434","2014-08-23","2014-06-25",59,4.49090140486504,30.7277333333333,5.26095,279.09261214863,576.935234312912,6.49052586392163,0,0,0,0,2,0,0,0,0,0,1,0,0,0,1,0,0,0,0,0,0,0,0,0,0,0,0,0,0,0,0,0,0,0,0,0,0,0,0,0,0,0,0,0,0,0,0,0,1,0,0,0,0,0,0,0,0,0,0,0,17,0,0,0,0
"126","2014-312",46,7,"Mackenzie Shelf",2014,"434","2014-08-23","2014-06-25",59,4.49090140486504,30.7277333333333,5.26095,800.022762659471,715.418510186227,17.3917991882494,0,0,0,0,0,0,0,1,0,0,4,0,4,4,1,0,0,0,0,0,0,0,0,0,0,0,4,0,0,0,0,0,0,0,0,0,1,0,0,0,0,1,0,0,0,0,0,0,0,0,3,0,0,0,0,0,0,0,0,0,15,0,0,0,0
"127","2014-315",36,4.5,"Mackenzie Shelf",2014,"434","2014-08-23","2014-06-25",59,4.49090140486504,30.7277333333333,5.26095,475.149240791626,327.316325396435,13.1985900219896,0,0,0,0,5,0,0,0,0,0,1,0,2,4,0,0,0,0,0,0,0,0,0,0,0,0,1,0,0,0,0,0,0,0,0,0,0,0,1,0,0,1,0,0,0,0,0,0,0,0,2,0,0,0,0,0,0,0,0,0,11,0,0,0,0
"128","2014-316",42,5.5,"Mackenzie Shelf",2014,"434","2014-08-23","2014-06-25",59,4.49090140486504,30.7277333333333,5.26095,1071.28436986773,535.214567859161,25.5067707111365,0,0,0,0,0,0,0,0,0,0,4,0,0,5,0,0,0,0,0,0,0,0,0,0,0,0,0,0,0,0,0,0,0,0,0,0,0,0,0,0,0,0,0,0,0,0,0,0,0,0,0,0,0,0,0,0,0,0,0,0,5,0,0,0,0
"129","2014-317",41,5,"Mackenzie Shelf",2014,"434","2014-08-23","2014-06-25",59,4.49090140486504,30.7277333333333,5.26095,415.786829460639,495.613573985548,10.1411421819668,0,0,0,0,26,0,0,0,0,0,7,0,0,0,0,0,0,0,1,0,0,0,0,0,0,0,2,0,0,0,0,0,0,0,1,0,0,0,0,0,0,0,0,0,0,0,0,0,2,0,3,0,0,0,0,0,0,0,0,0,11,0,0,0,0
"130","2014-318",40,5,"Mackenzie Shelf",2014,"434","2014-08-23","2014-06-25",59,4.49090140486504,30.7277333333333,5.26095,873.633982189308,458.072333115561,21.8408495547327,0,0,0,0,1,0,0,1,0,0,2,0,1,1,0,0,0,0,0,1,0,0,0,0,0,0,2,0,0,0,0,0,0,0,0,0,0,0,0,0,0,0,0,0,0,0,0,0,0,0,2,0,0,0,0,0,0,0,0,0,5,0,0,0,0
"131","2014-321",31,4,"Mackenzie Shelf",2014,"434","2014-08-23","2014-06-25",59,4.49090140486504,30.7277333333333,5.26095,186.647019904334,203.145166196972,6.02087160981723,0,0,0,0,0,0,0,1,0,0,2,0,0,2,0,0,0,0,0,0,0,0,0,0,0,3,34,0,0,13,0,0,0,1,1,1,0,0,3,0,1,8,0,0,0,0,0,3,4,0,15,1,0,0,0,0,0,0,0,0,26,0,0,0,0
"132","2014-322",22,3,"Mackenzie Shelf",2014,"421","2014-08-24","2014-06-25",60,4.49090140486504,26.731375,0.106125,144.114464731896,68.0285229108155,6.55065748781346,0,0,0,0,0,0,0,0,0,0,8,0,1,1,27,0,0,0,0,0,0,0,0,0,0,0,1,0,0,0,0,0,0,0,0,0,3,0,0,1,0,4,0,0,0,0,0,0,0,0,3,11,0,0,0,0,0,0,0,0,29,3,0,0,0
"133","2014-324",30,4.5,"Mackenzie Shelf",2014,"421","2014-08-24","2014-06-25",60,4.49090140486504,26.731375,0.106125,29.3757199408584,182.969833152152,0.979190664695278,0,0,0,0,0,0,0,0,0,0,3,0,0,0,8,0,0,0,0,0,0,0,0,0,0,0,1,0,0,0,0,0,0,0,0,0,2,0,0,1,0,2,0,0,0,0,0,0,0,0,2,0,0,0,0,0,0,0,0,0,10,2,0,0,0
"134","2014-BulkA",21.2059996968715,2.94956546464184,"North Water",2014,"105","2014-08-01","2014-06-04",58,4.98640854203936,32.5150714285714,4.18992857142857,265.401314149876,60.5014947894111,12.5153880007378,0,0,0,0,0,0,0,0,0,0,1,0,1,2,0,0,0,0,0,0,0,0,0,0,0,0,0,0,0,0,0,0,0,0,0,0,0,0,0,0,0,0,0,0,0,0,0,0,0,0,3,0,0,0,0,0,0,0,0,0,3,0,0,0,0
"135","2014-BulkB",21.1886120886516,2.68831456222818,"North Water",2014,"105","2014-08-01","2014-06-04",58,4.98640854203936,32.5150714285714,4.18992857142857,17.7191087465782,60.3433889496747,0.836256224449374,0,0,0,0,1,0,0,0,0,0,1,0,0,0,5,0,0,0,0,1,0,0,0,0,0,0,3,0,0,0,0,0,0,0,1,0,0,0,0,0,0,0,0,0,0,0,0,0,0,0,0,0,0,0,0,0,0,0,0,0,1,0,0,0,0
"136","2014-BulkC",17.4809603358791,2.37012436057051,"North Water",2014,"105","2014-08-01","2014-06-04",58,4.98640854203936,32.5150714285714,4.18992857142857,63.6178310206009,32.669760921482,3.63926407921809,0,0,0,0,1,0,0,0,0,0,1,0,2,1,0,0,0,0,0,0,0,0,0,0,0,0,4,0,0,0,0,0,0,0,2,0,0,0,0,0,0,0,0,0,0,0,0,0,0,0,2,1,0,0,0,0,0,0,0,0,6,0,0,0,0
"137","2014-BulkD",16.4377038426852,2.33663065513286,"North Water",2014,"105","2014-08-01","2014-06-04",58,4.98640854203936,32.5150714285714,4.18992857142857,62.3440628953724,26.8470123659353,3.79274766670745,0,0,0,0,2,0,0,0,0,0,0,0,1,3,1,0,0,0,0,0,0,0,0,0,0,0,0,0,0,0,0,0,0,0,0,0,0,0,0,0,0,0,0,0,0,0,0,0,0,0,3,0,0,0,0,0,0,0,0,0,1,0,0,0,0
"138","2014-BulkE",19.1225551119342,2.63025880613625,"North Water",2014,"105","2014-08-01","2014-06-04",58,4.98640854203936,32.5150714285714,4.18992857142857,223.846816179544,43.5004929347948,11.7059051402521,0,0,0,0,0,0,0,0,0,0,7,0,4,0,1,0,0,0,0,0,0,0,0,0,0,0,3,0,0,0,0,0,0,0,3,0,0,0,0,0,0,1,0,1,0,0,0,0,0,0,8,0,0,0,0,0,0,0,0,0,9,0,0,0,0
"139","2014-BulkF",8.34019241463021,0.626218764116923,"Peel Sound",2014,"309","2014-08-10","2014-09-03",-24,0.117005313840156,30.4663461538462,-1.01840384615385,1.50435169519373,3.08257998065209,0.180373739645962,0,0,0,0,0,0,0,0,0,0,0,0,0,0,1,0,0,0,0,0,0,0,0,0,0,0,2,0,0,0,0,0,0,0,0,0,0,0,0,0,0,1,0,0,0,0,0,0,0,0,0,5,0,0,0,0,0,0,0,0,1,0,0,0,0
"140","2015-104",20.714,2.571,"Lancaster Sound",2015,"CAA-2","2015-08-10","2015-05-28",74,13.5694351274854,32.531,4.54716666666667,38.0051133361636,56.1364260833532,1.8347549162964,0,0,0,8,3,0,0,0,0,0,0,0,0,0,6,0,0,0,0,0,0,0,0,0,0,0,11,0,0,0,0,0,0,0,0,0,0,0,0,1,0,11,0,0,1,0,0,0,0,0,0,11,0,0,0,0,0,0,0,0,14,9,0,0,0
"141","2015-119",20,2.714,"Lancaster Sound",2015,"CAA-2","2015-08-10","2015-05-28",74,13.5694351274854,32.531,4.54716666666667,244.488453377832,50.1936034982106,12.2244226688916,0,0,0,0,0,0,0,3,0,0,1,0,0,0,11,0,0,0,0,0,0,0,0,0,0,3,3,0,0,0,0,0,0,0,2,0,1,0,2,0,0,5,0,0,4,0,0,0,0,0,7,6,0,0,0,0,0,0,0,0,9,5,0,0,0
"142","2015-128",25,3.429,"Lancaster Sound",2015,"CAA-3","2015-08-11","2015-05-28",75,13.5694351274854,31.5715238095238,3.36728571428571,555.965606556512,102.280140787903,22.2386242622605,0,0,0,0,0,0,0,0,0,0,13,0,2,1,1,0,0,0,0,0,0,0,0,0,0,0,0,0,0,0,0,0,0,0,0,0,0,0,0,0,0,0,0,0,0,0,0,0,0,0,27,0,0,0,0,0,0,0,0,0,4,2,0,0,0
"143","2015-129",20.857,2.857,"Lancaster Sound",2015,"CAA-3","2015-08-11","2015-05-28",75,13.5694351274854,31.5715238095238,3.36728571428571,149.752569369354,57.3820504195535,7.17996688734499,0,0,0,0,1,0,0,0,4,0,2,0,0,7,28,0,0,0,0,0,0,0,0,0,0,2,0,0,0,0,0,0,0,0,0,0,1,0,0,0,0,8,0,2,0,0,0,0,0,0,23,27,0,0,0,0,0,0,0,0,10,11,0,0,0
"144","2015-133",11.857,1.714,"Lancaster Sound",2015,"CAA-3","2015-08-11","2015-05-28",75,13.5694351274854,31.5715238095238,3.36728571428571,61.4415110048522,9.46983397159397,5.18187661338047,0,0,0,0,0,0,0,0,0,0,1,0,0,0,15,0,0,0,0,0,0,0,0,0,0,0,3,0,0,0,0,0,0,0,0,0,0,0,0,0,0,1,0,0,0,0,0,0,0,0,20,5,0,0,0,0,0,0,0,0,1,0,0,0,0
"145","2015-135",12.143,1.714,"Lancaster Sound",2015,"CAA-3","2015-08-11","2015-05-28",75,13.5694351274854,31.5715238095238,3.36728571428571,53.6946873113126,10.2179227173431,4.42186340371511,0,0,0,0,1,0,0,0,0,0,1,0,0,0,17,0,0,0,0,0,0,0,0,0,0,0,1,0,0,0,0,0,0,0,5,0,0,0,0,0,0,0,0,0,0,0,0,0,0,0,15,10,0,0,0,0,0,0,0,1,2,2,0,0,0
"146","2015-140",25.571,2.751,"Lancaster Sound",2015,"CAA-3","2015-08-11","2015-05-28",75,13.5694351274854,31.5715238095238,3.36728571428571,490.304316128531,109.920296578164,19.174233159772,0,0,0,0,0,0,0,0,0,0,11,0,0,0,3,0,0,0,0,0,0,0,0,0,0,0,0,0,0,0,0,0,0,0,0,0,0,0,0,0,0,0,0,0,0,0,0,0,0,0,46,0,0,0,0,0,0,0,0,0,10,1,0,0,0
"147","2015-141",11.429,1.714,"Lancaster Sound",2015,"CAA-3","2015-08-11","2015-05-28",75,13.5694351274854,31.5715238095238,3.36728571428571,72.8153598014799,8.42187811540722,6.37110506618951,0,0,0,0,5,0,0,0,0,0,2,0,0,0,19,0,0,0,0,0,0,0,0,0,0,0,2,0,0,0,0,0,0,0,0,0,0,0,0,0,0,0,0,3,0,0,0,0,0,0,30,10,0,0,0,0,0,0,0,0,8,1,0,0,0
"148","2015-142",10.857,1.571,"Lancaster Sound",2015,"CAA-3","2015-08-11","2015-05-28",75,13.5694351274854,31.5715238095238,3.36728571428571,13.0550516618511,7.14952307478571,1.20245479062827,0,0,0,0,16,0,0,0,0,0,0,0,0,0,6,0,0,0,0,0,0,0,0,0,0,1,6,0,0,0,0,0,0,0,0,0,0,0,0,0,0,1,0,0,0,0,0,0,0,0,0,2,0,0,0,0,0,0,0,0,0,2,0,0,0
"149","2015-146",15.857,2.143,"Lancaster Sound",2015,"CAA-3","2015-08-11","2015-05-28",75,13.5694351274854,31.5715238095238,3.36728571428571,25.3846242584001,23.936892150291,1.60084658248093,0,0,0,0,0,0,0,0,0,0,0,0,0,0,13,0,0,0,0,0,0,0,0,0,0,0,4,0,0,0,0,0,0,0,0,0,0,0,0,0,0,1,0,0,0,0,0,0,0,0,5,7,0,0,0,0,0,0,1,0,2,7,0,0,0
"150","2015-148",15.714,2.143,"Lancaster Sound",2015,"CAA-3","2015-08-11","2015-05-28",75,13.5694351274854,31.5715238095238,3.36728571428571,26.148973492872,23.255057527719,1.66405584147079,0,0,0,0,2,0,0,0,0,0,1,0,0,0,3,0,0,0,0,0,0,0,1,0,0,0,5,0,0,0,0,2,0,0,0,0,0,0,0,0,0,1,0,0,0,0,0,0,0,0,2,4,0,0,0,0,0,0,0,0,8,2,0,0,0
"151","2015-150",21.571,3.143,"Lancaster Sound",2015,"CAA-3","2015-08-11","2015-05-28",75,13.5694351274854,31.5715238095238,3.36728571428571,68.8464467230166,63.8864680548311,3.19162054253473,0,0,0,0,0,0,0,1,0,0,1,0,0,0,8,0,0,0,0,0,0,0,0,0,0,2,4,0,0,0,0,0,0,0,0,0,0,0,0,0,0,3,0,0,0,0,0,0,0,0,4,2,0,0,0,0,0,0,0,0,1,2,0,0,0
"152","2015-151",10.286,1,"Lancaster Sound",2015,"CAA-5","2015-08-13","2015-05-28",77,13.5694351274854,31.1706976190476,3.29104821428571,1.50341811032016,6.01767997990355,0.146161589570305,0,0,0,0,3,0,0,0,0,0,0,0,0,0,0,0,0,0,0,0,0,0,0,0,0,0,5,0,0,0,0,0,0,0,0,0,0,0,0,0,0,0,0,0,0,0,0,0,0,0,0,1,0,0,0,0,0,0,0,0,0,1,0,0,0
"153","2015-159",14.714,2.143,"Lancaster Sound",2015,"CAA-5","2015-08-13","2015-05-28",77,13.5694351274854,31.1706976190476,3.29104821428571,25.33078198226,18.8548806386915,1.72154288312219,0,0,0,3,1,0,0,0,0,0,0,0,0,0,13,0,0,0,0,0,0,0,0,0,0,0,4,0,0,0,0,0,0,0,0,0,1,0,0,0,0,1,0,0,0,0,0,0,0,0,0,2,0,0,0,0,0,0,0,0,1,1,0,0,0
"154","2015-161",17.143,2.429,"Lancaster Sound",2015,"CAA-5","2015-08-13","2015-05-28",77,13.5694351274854,31.1706976190476,3.29104821428571,123.438551129904,30.6972634688685,7.2005221448932,0,0,0,1,1,0,0,2,0,0,0,0,0,1,9,0,0,0,0,0,0,0,0,0,0,0,4,0,0,0,0,0,0,0,0,0,0,0,0,1,0,4,0,0,0,0,0,0,0,0,3,4,0,0,0,0,0,0,0,0,4,1,0,0,0
"155","2015-163",26.751,4,"Lancaster Sound",2015,"CAA-5","2015-08-13","2015-05-28",77,13.5694351274854,31.1706976190476,3.29104821428571,933.979696326686,126.933822206183,34.9138236449735,0,0,0,0,0,0,0,1,0,0,3,0,2,1,9,0,0,0,0,1,0,0,0,0,0,0,142,0,0,0,0,0,0,0,0,0,0,0,0,0,0,2,0,0,0,0,0,0,0,0,2,0,0,0,0,0,0,0,0,0,6,0,0,0,0
"156","2015-176",17.429,2.429,"Lancaster Sound",2015,"CAA-4","2015-08-13","2015-05-28",77,13.5694351274854,28.8197601010101,0.396288277511962,170.482626768517,32.360995158703,9.78154953058219,0,0,0,0,0,0,0,4,0,0,1,0,2,4,8,0,0,0,0,4,0,0,0,0,0,0,24,0,0,0,0,0,0,0,0,0,0,0,1,1,0,0,0,0,3,0,0,1,0,0,14,16,0,0,0,0,0,0,0,0,8,5,0,0,0
"157","2015-18",17.571,2.286,"West Baffin Bay",2015,"BB-3","2015-08-06","2015-07-23",14,12.9825672024422,31.469048951049,3.0884965034965,66.2822760169193,33.209585625588,3.77225405593986,0,0,0,0,0,0,0,3,0,0,5,0,0,1,7,0,0,0,0,0,0,0,0,0,0,0,2,0,0,0,0,0,0,0,0,0,0,0,0,0,0,1,0,0,0,0,0,0,0,0,1,3,0,0,0,0,0,0,0,0,4,0,0,0,0
"158","2015-182",12.143,1.143,"Lancaster Sound",2015,"CAA-4","2015-08-13","2015-05-28",77,13.5694351274854,28.8197601010101,0.396288277511962,7.3626844616274,10.2179227173431,0.606331587056526,0,0,0,0,0,0,0,0,0,0,0,0,0,0,1,0,0,0,0,0,0,0,0,0,0,0,17,0,0,0,0,0,0,0,0,0,0,0,0,1,0,0,0,0,0,0,0,0,0,0,1,5,0,0,0,0,0,0,0,0,2,3,0,0,0
"159","2015-189",9.571,0.857,"Lancaster Sound",2015,"CAA-4","2015-08-13","2015-05-28",77,13.5694351274854,28.8197601010101,0.396288277511962,7.64293051124636,4.78207659822662,0.798550884050398,0,0,0,0,0,0,0,0,0,0,0,0,0,0,3,0,0,0,0,0,0,0,0,0,0,0,5,0,0,0,0,0,0,0,0,0,0,0,0,0,0,0,0,0,0,0,0,0,0,0,1,11,0,0,0,0,0,0,0,0,3,4,0,0,0
"160","2015-195",11.429,1.143,"Lancaster Sound",2015,"CAA-4","2015-08-13","2015-05-28",77,13.5694351274854,28.8197601010101,0.396288277511962,19.7174932501063,8.42187811540722,1.72521596378566,0,0,0,0,0,0,0,0,0,0,0,0,0,0,7,0,0,0,0,0,0,0,0,0,0,0,18,0,0,0,0,0,0,0,0,0,0,0,0,1,0,0,0,0,0,0,0,0,0,0,0,6,0,0,0,0,0,0,0,0,5,5,0,0,0
"161","2015-2",15.857,2,"West Baffin Bay",2015,"BB-3","2015-08-06","2015-07-23",14,12.9825672024422,31.469048951049,3.0884965034965,27.9810491806595,23.936892150291,1.76458656622687,0,0,0,0,0,0,0,1,0,0,0,0,0,0,9,0,0,0,0,0,0,0,0,0,0,0,20,0,0,0,0,0,0,0,1,0,0,0,0,0,0,0,0,0,2,0,0,0,0,0,1,9,0,0,0,0,0,0,0,0,0,3,0,0,0
"162","2015-22",11.714,1.429,"West Baffin Bay",2015,"BB-3","2015-08-06","2015-07-23",14,12.9825672024422,31.469048951049,3.0884965034965,15.8363012684407,9.11029290738049,1.35191235004616,0,0,0,0,3,0,0,0,0,0,0,0,0,0,2,0,0,0,0,0,0,0,0,0,0,0,35,0,0,0,0,0,0,0,1,0,0,0,0,0,0,0,0,0,0,0,0,0,0,0,0,2,0,0,0,0,0,0,0,0,0,0,0,0,0
"163","2015-226",10.714,1.143,"Peel Sound",2015,"CAA-7","2015-08-15","2015-08-20",-5,0.934012188769415,29.1391666666667,0.597166666666667,5.8482770248354,6.85343704260985,0.545853745084506,0,0,0,0,0,0,0,0,3,0,0,0,0,0,4,0,0,0,0,0,0,0,0,0,0,0,6,0,0,0,0,0,0,0,0,0,0,0,0,0,0,0,0,0,0,0,0,0,0,0,0,10,0,0,0,0,0,0,0,0,1,0,0,0,0
"164","2015-228",9.571,0.857,"Peel Sound",2015,"CAA-7","2015-08-15","2015-08-20",-5,0.934012188769415,29.1391666666667,0.597166666666667,6.64209472350217,4.78207659822662,0.693981268780918,0,0,0,0,0,0,0,0,16,0,0,0,0,0,3,0,0,0,0,0,0,0,0,0,0,0,2,0,0,0,0,0,0,0,0,0,0,0,0,0,0,0,0,0,0,0,0,0,0,0,0,5,0,0,0,0,0,0,0,0,0,1,0,0,0
"165","2015-230",10.571,1.286,"Peel Sound",2015,"CAA-7","2015-08-15","2015-08-20",-5,0.934012188769415,29.1391666666667,0.597166666666667,3.9744335734872,6.56588031208381,0.375975174863986,0,0,0,0,0,0,0,0,0,0,0,0,0,0,4,0,0,0,0,0,0,0,0,0,0,0,4,0,0,0,0,0,0,0,0,0,0,0,0,0,0,0,0,0,0,0,0,0,0,0,0,3,0,0,0,0,0,0,0,0,1,0,0,0,0
"166","2015-233",11.571,1.429,"Peel Sound",2015,"CAA-7","2015-08-15","2015-08-20",-5,0.934012188769415,29.1391666666667,0.597166666666667,10.0014886528835,8.76023668281874,0.86435819314523,0,0,0,1,0,0,0,0,0,0,0,0,0,0,4,0,0,0,0,0,0,0,0,0,0,0,6,0,0,0,0,0,0,0,0,0,0,0,0,0,0,0,0,0,0,0,0,0,0,0,0,0,0,0,0,0,0,0,0,0,0,4,0,0,0
"167","2015-234",11.286,1.429,"Peel Sound",2015,"CAA-7","2015-08-15","2015-08-20",-5,0.934012188769415,29.1391666666667,0.597166666666667,2.65251636735508,8.09031508632851,0.235027145787266,0,0,0,0,0,0,0,0,6,0,0,0,0,0,1,0,0,0,0,0,0,0,0,0,0,0,1,0,0,0,0,0,0,0,0,0,0,0,0,0,0,0,0,0,0,0,0,0,0,0,0,8,0,0,0,0,0,0,0,0,0,0,0,0,0
"168","2015-241",13,1.429,"Peel Sound",2015,"CAA-7","2015-08-15","2015-08-20",-5,0.934012188769415,29.1391666666667,0.597166666666667,34.1985517696837,12.7011189500901,2.63065782843721,0,0,0,0,0,0,0,0,0,0,0,0,0,1,14,0,0,0,0,0,0,0,0,0,0,0,2,0,0,0,0,0,0,0,0,1,0,0,0,0,0,0,0,0,0,0,0,0,0,0,3,24,0,0,0,0,0,0,0,0,6,15,0,0,0
"169","2015-242",10.857,0.857,"Peel Sound",2015,"CAA-7","2015-08-15","2015-08-20",-5,0.934012188769415,29.1391666666667,0.597166666666667,3.87461093497207,7.14952307478571,0.356876755546842,0,0,0,0,0,0,0,0,9,0,0,0,0,0,1,0,0,0,0,0,0,0,0,0,0,0,3,0,0,0,0,0,0,0,0,0,0,0,0,0,0,0,0,0,0,0,0,0,0,0,0,12,0,0,0,0,0,0,0,0,0,0,0,0,0
"170","2015-246",12.714,1.429,"Peel Sound",2015,"CAA-7","2015-08-15","2015-08-20",-5,0.934012188769415,29.1391666666667,0.597166666666667,8.34302153159494,11.8310402027084,0.656207450967039,0,0,0,0,0,0,0,0,0,0,0,0,0,0,4,0,0,0,0,0,0,0,0,0,0,0,2,0,0,0,0,0,0,0,0,0,0,0,0,1,0,1,0,0,1,0,0,0,0,0,0,1,0,0,0,0,0,0,0,0,1,5,0,0,0
"171","2015-248",12,1.286,"Peel Sound",2015,"CAA-7","2015-08-15","2015-08-20",-5,0.934012188769415,29.1391666666667,0.597166666666667,14.0031487549784,9.83899782093243,1.16692906291486,0,0,0,0,0,0,0,0,0,0,0,0,0,0,7,0,0,0,0,0,0,0,0,0,0,0,4,0,0,0,0,0,0,0,0,0,0,0,0,0,0,0,0,0,0,0,0,0,0,0,2,23,0,0,0,0,0,0,0,0,3,3,0,0,0
"172","2015-25",12.857,1.571,"West Baffin Bay",2015,"BB-3","2015-08-06","2015-07-23",14,12.9825672024422,31.469048951049,3.0884965034965,23.7919029042127,12.2607815178284,1.85050189812652,0,0,0,0,2,0,0,0,0,0,0,0,0,0,1,0,0,0,0,0,0,0,0,0,0,0,29,0,0,0,0,0,0,0,10,0,0,0,0,0,0,0,0,0,0,0,0,0,0,0,2,5,0,0,0,0,0,0,0,0,0,0,0,0,0
"173","2015-264",27.286,3.857,"Amundsen Gulf Mouth",2015,"407","2015-08-24","2015-05-21",95,2.07350592161339,29.037,4.71781818181818,173.114531781509,135.210646733358,6.34444520199038,0,0,0,3,0,0,0,0,0,0,6,0,0,0,40,0,0,0,0,0,0,8,0,0,0,0,25,0,0,0,0,1,1,0,0,0,1,0,1,1,1,83,0,5,31,0,0,0,0,0,12,12,0,0,0,0,0,0,2,0,45,4,0,0,0
"174","2015-265",26.429,3.857,"Amundsen Gulf Mouth",2015,"407","2015-08-24","2015-05-21",95,2.07350592161339,29.037,4.71781818181818,417.438462780519,122.123775220401,15.7947127314888,0,0,0,24,2,0,0,0,0,0,0,0,0,0,64,0,0,0,0,0,0,7,0,0,0,0,69,0,0,1,0,0,0,0,18,2,1,0,0,1,0,158,0,3,31,0,0,0,0,0,25,69,0,0,0,1,0,0,22,0,39,24,0,0,0
"175","2015-266",26.857,3.714,"Amundsen Gulf Mouth",2015,"407","2015-08-24","2015-05-21",95,2.07350592161339,29.037,4.71781818181818,417.003983787694,128.545273263086,15.5268266667049,0,0,0,8,2,0,0,0,0,0,10,0,0,0,152,0,0,0,0,0,0,8,0,0,0,0,22,0,0,0,0,0,0,0,14,1,10,0,2,6,0,89,0,0,7,0,0,0,0,0,28,66,0,0,0,0,0,0,5,0,50,75,0,0,0
"176","2015-267",37,6,"Amundsen Gulf Mouth",2015,"407","2015-08-24","2015-05-21",95,2.07350592161339,29.037,4.71781818181818,528.040566898113,357.212122830789,14.271366672922,0,0,0,0,0,0,0,0,0,0,8,0,1,1,84,0,0,0,0,0,0,5,0,6,0,3,22,0,0,0,0,0,0,0,0,1,4,0,0,1,0,55,0,0,5,0,0,0,0,0,14,29,0,0,0,0,0,0,1,0,48,38,0,0,0
"177","2015-268",36,5,"Amundsen Gulf Mouth",2015,"407","2015-08-24","2015-05-21",95,2.07350592161339,29.037,4.71781818181818,309.276537428816,327.316325396435,8.59101492857822,0,0,0,7,2,0,0,1,0,0,4,0,0,2,38,3,0,0,0,0,0,7,0,0,0,1,72,0,0,0,0,0,0,0,11,0,3,0,0,0,0,43,0,0,22,0,0,0,0,1,26,29,0,0,0,0,2,0,24,0,17,5,0,0,0
"178","2015-269",38,6,"Amundsen Gulf Mouth",2015,"407","2015-08-24","2015-05-21",95,2.07350592161339,29.037,4.71781818181818,1395.34871590849,388.930823083688,36.7197030502234,0,0,0,1,1,0,0,0,0,0,8,0,4,1,45,0,0,0,0,0,0,14,0,0,0,1,34,0,0,0,0,0,0,0,32,1,0,0,3,1,0,109,0,3,38,0,0,0,0,0,49,24,0,0,0,0,0,0,34,0,47,14,0,0,0
"179","2015-270",42,7,"Amundsen Gulf Mouth",2015,"407","2015-08-24","2015-05-21",95,2.07350592161339,29.037,4.71781818181818,1004.7540595681,535.214567859161,23.9227157040023,0,0,0,2,1,0,0,0,0,0,1,0,1,1,2,6,0,0,0,0,0,2,0,0,0,0,11,0,0,0,0,0,0,0,1,0,1,0,0,0,0,1,0,0,1,0,0,0,0,0,1,1,0,0,0,0,0,0,1,0,9,3,0,0,0
"180","2015-271",34,5,"Amundsen Gulf Mouth",2015,"407","2015-08-24","2015-05-21",95,2.07350592161339,29.037,4.71781818181818,371.786321566513,272.759844925216,10.9348918107798,0,0,0,0,0,0,0,1,0,0,6,0,1,2,1,0,1,0,0,1,0,2,0,0,0,0,1,0,0,0,0,0,0,1,0,1,0,0,1,1,0,27,0,0,7,0,0,1,0,0,10,2,0,0,0,0,0,0,6,0,18,4,0,0,0
"181","2015-272",38,6,"Amundsen Gulf Mouth",2015,"407","2015-08-24","2015-05-21",95,2.07350592161339,29.037,4.71781818181818,2964.92515473124,388.930823083688,78.0243461771379,0,0,0,0,0,0,0,0,0,0,9,0,3,1,15,0,0,0,0,0,0,1,1,0,0,0,7,0,0,0,0,0,0,0,6,0,0,0,0,0,0,31,0,0,5,0,0,0,0,0,14,3,0,0,0,0,0,0,1,0,23,5,0,0,0
"182","2015-273",23,3.714,"Amundsen Gulf Mouth",2015,"407","2015-08-24","2015-05-21",95,2.07350592161339,29.037,4.71781818181818,173.926674017038,78.3924948955801,7.56202930508863,0,0,0,0,6,0,0,0,0,0,1,0,0,0,87,0,0,0,0,0,0,19,0,0,0,0,13,0,0,0,0,0,0,0,30,1,2,0,3,5,0,109,0,0,19,0,0,0,0,0,40,79,0,0,0,0,0,0,15,0,69,41,0,0,0
"183","2015-291",37,5.5,"Mackenzie Shelf",2015,"435","2015-08-27","2015-06-11",77,3.20324699567532,28.3407833333333,3.96855,1999.17349482766,357.212122830789,54.0317160764234,0,0,0,0,0,0,0,0,0,0,18,0,8,7,1,0,0,0,0,0,0,0,0,0,0,0,0,0,0,0,0,0,0,0,1,0,1,0,0,0,1,1,0,0,0,0,0,1,0,0,7,0,0,0,0,0,0,0,0,0,21,5,0,0,0
"184","2015-292",41,6,"Mackenzie Shelf",2015,"435","2015-08-27","2015-06-11",77,3.20324699567532,28.3407833333333,3.96855,1326.40029232485,495.613573985548,32.3512266420695,0,0,0,0,0,0,0,0,0,0,4,0,1,2,9,0,0,0,0,0,0,1,0,0,0,1,2,0,0,0,0,0,0,0,0,0,0,0,0,2,0,2,0,0,1,0,0,0,0,0,1,6,0,0,0,0,0,0,0,0,21,3,0,0,0
"185","2015-293",35,5,"Mackenzie Shelf",2015,"435","2015-08-27","2015-06-11",77,3.20324699567532,28.3407833333333,3.96855,1017.12218540853,299.184955297247,29.0606338688151,0,0,0,4,0,0,0,0,0,0,11,0,3,4,21,0,0,0,0,0,0,2,0,0,0,0,7,0,0,0,0,0,0,0,0,0,0,0,0,3,0,1,0,0,0,0,0,0,0,0,13,16,0,0,0,0,0,0,0,0,20,4,0,0,0
"186","2015-294",24.429,3.857,"Mackenzie Shelf",2015,"435","2015-08-27","2015-06-11",77,3.20324699567532,28.3407833333333,3.96855,158.191772776259,95.0127392297725,6.47557299833225,0,0,0,10,1,0,0,1,0,0,0,0,0,0,30,0,0,0,0,0,0,1,0,0,0,4,16,0,0,0,0,0,0,0,1,0,0,0,6,1,0,2,0,0,1,0,0,0,0,0,27,34,0,0,0,0,0,0,0,0,16,17,0,0,0
"187","2015-295",34,5,"Mackenzie Shelf",2015,"435","2015-08-27","2015-06-11",77,3.20324699567532,28.3407833333333,3.96855,1550.77101478449,272.759844925216,45.6109121995438,0,0,0,0,0,0,0,0,0,0,11,0,2,10,11,0,0,0,0,0,0,1,0,0,0,3,7,0,0,0,0,0,0,0,10,0,0,0,1,2,0,4,0,0,0,0,0,0,0,0,7,10,0,0,0,0,0,0,0,0,20,4,0,0,0
"188","2015-296",33,5,"Mackenzie Shelf",2015,"435","2015-08-27","2015-06-11",77,3.20324699567532,28.3407833333333,3.96855,104.586626234728,247.983141657144,3.16929170408266,0,0,0,0,1,0,0,0,0,0,0,0,0,0,29,0,0,0,0,0,0,8,0,0,0,1,10,0,0,0,0,0,0,0,2,0,0,0,1,0,0,10,0,0,7,0,0,0,0,0,12,22,0,0,0,0,0,0,0,0,30,15,0,0,0
"189","2015-297",35,5,"Mackenzie Shelf",2015,"435","2015-08-27","2015-06-11",77,3.20324699567532,28.3407833333333,3.96855,414.800956244144,299.184955297247,11.8514558926898,0,0,0,0,0,0,0,1,0,0,1,0,1,6,8,0,0,0,0,0,0,0,0,0,0,0,3,0,0,0,0,0,0,0,2,0,0,0,1,0,0,3,0,0,0,0,0,0,0,0,12,4,0,0,0,0,0,0,0,0,42,2,0,0,0
"190","2015-298",19.429,3,"Mackenzie Shelf",2015,"435","2015-08-27","2015-06-11",77,3.20324699567532,28.3407833333333,3.96855,92.4067975105916,45.7635408352153,4.75612731023684,0,0,0,7,0,0,0,0,0,0,0,0,0,0,28,0,0,0,0,0,0,7,0,0,0,0,2,0,0,0,0,0,0,0,4,0,1,0,0,1,0,27,0,0,3,0,0,0,0,0,14,34,0,0,0,0,0,0,2,0,13,15,0,0,0
"191","2015-299",33,5,"Mackenzie Shelf",2015,"421","2015-08-30","2015-06-11",80,3.20324699567532,27.0972941176471,-0.376411764705882,486.91131797104,247.983141657144,14.7548884233648,0,0,0,0,0,0,0,0,0,0,3,0,0,6,16,0,0,0,0,0,0,2,0,0,0,1,59,0,0,0,0,0,0,0,14,0,40,0,6,0,0,45,0,1,2,0,0,0,0,0,90,13,0,0,0,0,0,0,4,0,83,8,0,0,0
"192","2015-300",23.571,3.429,"Mackenzie Shelf",2015,"421","2015-08-30","2015-06-11",80,3.20324699567532,27.0972941176471,-0.376411764705882,74.2281816773855,84.7712397445647,3.14913163113086,0,0,0,0,0,0,0,0,0,0,0,0,0,0,11,0,0,0,0,0,0,2,0,0,0,0,44,0,0,0,0,0,0,0,0,0,44,0,0,1,0,24,0,0,0,0,0,0,0,0,12,16,0,0,0,0,0,0,0,0,30,11,0,0,0
"193","2015-34",13.857,1.571,"West Baffin Bay",2015,"BB-2","2015-08-07","2015-07-23",15,12.9825672024422,31.0159,4.8994,70.0537295865532,15.5699598125334,5.0554759029049,0,0,0,0,0,0,0,0,0,0,0,0,0,0,28,0,0,0,0,0,0,2,2,0,0,0,68,0,0,0,0,0,0,0,35,0,0,0,0,0,0,35,0,0,0,0,0,0,0,0,5,38,0,0,0,0,0,0,0,0,4,8,0,0,0
"194","2015-36",13.857,1.571,"West Baffin Bay",2015,"BB-2","2015-08-07","2015-07-23",15,12.9825672024422,31.0159,4.8994,30.8345449247334,15.5699598125334,2.22519628525175,0,0,0,0,0,0,0,0,2,0,0,0,0,0,13,0,0,0,0,0,0,0,0,0,0,0,31,0,0,0,0,0,0,0,22,0,0,0,0,0,0,2,0,0,0,0,0,0,0,0,2,25,0,0,0,0,0,0,0,0,0,3,0,0,0
"195","2015-39",11.571,1.571,"West Baffin Bay",2015,"BB-2","2015-08-07","2015-07-23",15,12.9825672024422,31.0159,4.8994,19.6066316444954,8.76023668281874,1.69446302346343,0,0,0,0,0,0,0,0,0,0,0,0,0,0,9,0,0,0,0,0,0,0,0,0,0,0,25,0,0,0,0,0,0,0,7,0,0,0,0,0,0,2,0,0,0,0,0,0,0,0,0,15,0,0,0,0,0,0,0,0,0,1,0,0,0
"196","2015-41",11.857,1.571,"West Baffin Bay",2015,"BB-2","2015-08-07","2015-07-23",15,12.9825672024422,31.0159,4.8994,27.3630320716722,9.46983397159397,2.30775340066392,0,0,0,1,0,0,0,0,4,0,0,0,0,0,10,0,0,0,0,0,0,0,0,0,0,0,17,0,0,0,0,0,0,0,6,0,0,0,0,0,0,0,0,0,0,0,0,0,0,0,0,10,0,0,0,0,0,0,0,0,0,0,0,0,0
"197","2015-46",17.571,2,"West Baffin Bay",2015,"BB-2","2015-08-07","2015-07-23",15,12.9825672024422,31.0159,4.8994,68.469361000248,33.209585625588,3.89672534290866,0,0,0,0,0,0,0,2,0,0,2,0,0,0,3,0,0,0,0,0,0,0,0,0,0,0,52,0,0,0,0,0,0,0,33,0,0,0,0,0,0,9,0,0,0,0,0,0,0,0,8,12,0,0,0,0,0,0,0,0,1,0,0,0,0
"198","2015-47",20.857,2.571,"West Baffin Bay",2015,"BB-2","2015-08-07","2015-07-23",15,12.9825672024422,31.0159,4.8994,536.614316074188,57.3820504195535,25.7282598683506,0,0,0,0,0,0,0,5,0,0,8,0,2,5,5,0,0,0,0,0,0,0,0,0,0,0,19,0,0,0,0,0,0,0,8,0,0,0,0,0,0,0,0,0,1,0,0,0,0,0,5,2,0,0,0,0,0,0,0,0,1,0,0,0,0
"199","2015-50",15.714,1.714,"West Baffin Bay",2015,"BB-2","2015-08-07","2015-07-23",15,12.9825672024422,31.0159,4.8994,54.890842048987,23.255057527719,3.49311709615547,0,0,0,0,0,0,0,0,0,0,0,0,0,0,11,0,0,0,0,0,0,10,0,0,0,0,44,0,0,0,0,0,0,0,27,0,1,0,0,2,0,54,0,0,1,0,0,0,0,0,3,24,0,0,0,0,0,0,0,0,10,4,0,0,0
"200","2015-8",10.571,1.286,"West Baffin Bay",2015,"BB-3","2015-08-06","2015-07-23",14,12.9825672024422,31.469048951049,3.0884965034965,14.7358739015698,6.56588031208381,1.39399053084569,0,0,0,0,0,0,0,0,0,0,0,0,0,0,5,0,0,0,0,0,0,0,0,0,0,0,34,0,0,0,0,0,0,0,0,0,0,0,0,0,0,0,0,0,0,0,0,0,0,0,0,2,0,0,0,0,0,0,0,0,0,0,0,0,0
"201","2015-82",17.429,2.286,"Lancaster Sound",2015,"CAA-1","2015-08-10","2015-05-28",74,13.5694351274854,31.9880694444444,2.07481837606838,293.733791333808,32.360995158703,16.8531637692242,0,0,0,0,0,0,0,0,0,0,3,0,0,4,5,0,0,0,0,0,0,0,0,0,0,0,0,0,0,0,0,0,0,0,0,0,0,0,0,0,0,0,0,0,0,0,0,0,0,0,3,2,0,0,0,0,0,0,0,0,11,3,0,0,0
"202","2016-220",10.795,1.25,"West Baffin Bay",2016,"169","2016-08-01","2016-07-23",9,7.7955756575259,29.1874166666667,1.88225,12.2652500261508,7.02009407988837,1.13619731599359,0,0,0,0,0,0,0,0,0,0,0,0,0,0,12,0,0,0,0,0,0,0,0,0,0,0,2,0,0,0,0,0,0,0,0,0,0,0,0,0,0,0,0,0,0,0,0,0,0,0,0,6,0,0,0,0,0,0,0,0,2,22,0,0,0
"203","2016-221",12.955,1.25,"West Baffin Bay",2016,"169","2016-08-01","2016-07-23",9,7.7955756575259,29.1874166666667,1.88225,16.2057466574731,12.5614001569656,1.25092602527774,0,0,0,0,0,0,0,0,0,0,0,0,0,0,11,0,0,0,0,0,0,0,0,0,0,0,0,0,0,0,0,0,0,0,0,0,0,0,0,0,0,0,0,0,0,0,0,0,0,0,1,19,0,0,0,0,0,0,0,0,4,20,0,0,0
"204","2016-223",8.75,0.682,"West Baffin Bay",2016,"169","2016-08-01","2016-07-23",9,7.7955756575259,29.1874166666667,1.88225,3.91924483924065,3.59226509696174,0.447913695913217,0,0,0,0,0,0,0,0,0,0,0,0,0,0,3,0,0,0,0,0,0,0,0,0,0,0,3,0,0,0,0,0,0,0,0,0,0,0,0,1,0,0,0,0,0,0,0,0,0,0,0,2,0,0,0,0,0,0,0,0,0,7,0,0,0
"205","2016-226",10,0.795,"West Baffin Bay",2016,"169","2016-08-01","2016-07-23",9,7.7955756575259,29.1874166666667,1.88225,1.45176141540852,5.5,0.145176141540852,0,0,0,0,0,0,0,0,0,0,0,0,0,0,0,0,0,0,0,0,0,0,0,0,0,0,0,0,0,0,0,0,0,0,0,0,0,0,0,0,0,0,0,0,0,0,0,0,0,0,0,8,0,0,0,0,0,0,0,0,0,6,0,0,0
"206","2016-227",11.477,1.136,"West Baffin Bay",2016,"169","2016-08-01","2016-07-23",9,7.7955756575259,29.1874166666667,1.88225,27.1101490588568,8.5352299671451,2.36212852303361,0,0,0,0,0,0,0,0,0,0,0,0,0,1,21,0,0,0,0,0,0,0,0,0,0,0,2,0,0,0,0,0,0,0,0,0,0,0,0,0,0,0,0,0,0,0,0,0,0,0,0,10,0,0,0,0,0,0,0,0,0,7,0,0,0
"207","2016-228",10.795,0.909,"West Baffin Bay",2016,"169","2016-08-01","2016-07-23",9,7.7955756575259,29.1874166666667,1.88225,9.70347599694063,7.02009407988837,0.898886150712425,0,0,0,0,0,0,0,0,0,0,0,0,0,0,9,0,0,0,0,0,0,0,0,0,0,0,0,0,0,0,0,0,0,0,0,0,0,0,0,0,0,0,0,0,0,0,0,0,0,0,0,5,0,0,0,0,0,0,0,0,1,0,0,0,0
"208","2016-229",12.841,1.591,"West Baffin Bay",2016,"169","2016-08-01","2016-07-23",9,7.7955756575259,29.1874166666667,1.88225,55.4403193875782,12.212174692243,4.31744563410779,0,0,0,0,0,0,0,0,1,0,0,0,0,0,48,0,0,0,0,0,0,0,0,0,0,0,4,0,0,0,0,0,0,0,5,0,1,0,0,0,0,0,0,0,0,0,0,0,0,0,1,18,0,0,0,0,0,0,0,0,1,7,0,0,0
"209","2016-233",9.886,1.023,"West Baffin Bay",2016,"169","2016-08-01","2016-07-23",9,7.7955756575259,29.1874166666667,1.88225,8.41021265613328,5.30247247804503,0.850719467543322,0,0,0,0,0,0,0,0,0,0,0,0,0,0,6,0,0,0,0,0,0,0,0,0,0,0,1,0,0,0,0,0,0,0,0,0,0,0,0,0,0,0,0,0,0,0,0,0,0,0,0,9,0,0,0,0,0,0,0,0,0,9,0,0,0
"210","2016-235",12.159,1.136,"West Baffin Bay",2016,"169","2016-08-01","2016-07-23",9,7.7955756575259,29.1874166666667,1.88225,12.1674965180876,10.2609331451844,1.00069878428223,0,0,0,0,0,0,0,0,0,0,0,0,0,0,2,0,0,0,0,0,0,0,0,0,0,0,2,0,0,0,0,0,0,0,14,0,0,0,0,0,0,0,0,0,0,0,0,0,0,0,0,0,0,0,0,0,0,0,0,0,0,0,0,0,0
"211","2016-241",12.273,1.477,"West Baffin Bay",2016,"169","2016-08-01","2016-07-23",9,7.7955756575259,29.1874166666667,1.88225,17.7995253813777,10.5709868274209,1.4502994688648,0,0,0,0,0,0,0,2,0,0,0,0,0,0,5,0,0,0,0,0,0,0,0,0,0,0,2,0,0,0,0,0,0,0,2,0,0,0,0,0,0,1,0,0,0,0,0,0,0,0,1,2,0,0,0,0,0,0,0,0,3,7,0,0,0
"212","2016-283",9.844,0.781,"North Water",2016,"323","2016-08-04","2016-05-14",82,12.1593021495707,32.4093117647059,5.18787647058824,5.56333401632974,5.23094446782011,0.565149737538576,0,0,0,0,0,0,0,0,0,0,0,0,0,0,4,0,0,0,0,0,0,0,0,0,0,0,2,0,0,0,0,0,0,0,0,0,1,0,0,0,0,0,0,0,0,0,0,0,0,0,0,8,0,0,0,0,0,0,0,0,0,4,0,0,0
"213","2016-287",13.281,1.719,"North Water",2016,"323","2016-08-04","2016-05-14",82,12.1593021495707,32.4093117647059,5.18787647058824,6.03100436820188,13.5978068254229,0.454107700338972,0,0,0,0,0,0,0,0,0,0,0,0,0,0,3,0,0,0,0,0,0,0,0,0,0,0,8,0,0,0,0,0,0,0,0,0,0,0,0,0,0,0,0,0,0,0,0,0,0,0,0,4,0,0,0,0,0,0,0,0,0,6,0,0,0
"214","2016-292",13.281,1.719,"North Water",2016,"323","2016-08-04","2016-05-14",82,12.1593021495707,32.4093117647059,5.18787647058824,2.67029239504695,13.5978068254229,0.201061094424136,0,0,0,0,0,0,0,0,0,0,0,0,0,0,4,0,0,0,0,0,0,0,0,0,0,0,2,0,0,0,0,0,0,0,0,0,0,0,0,0,0,0,0,0,0,0,0,0,0,0,0,1,0,0,0,0,0,0,0,0,0,0,0,0,0
"215","2016-317",14.375,2.031,"North Water",2016,"115","2016-08-06","2016-05-14",84,12.1593021495707,33.0116090909091,5.0223696969697,3.67823384754082,17.5037757903884,0.255877137220231,0,0,0,0,4,0,0,0,0,0,0,0,0,0,0,0,0,0,0,0,0,0,0,0,0,0,3,0,0,0,0,0,0,0,0,0,0,0,0,0,0,0,0,1,0,0,0,0,0,0,0,3,0,0,0,0,0,0,0,0,1,1,0,0,0
"216","2016-332",24.219,3.594,"North Water",2016,"111","2016-08-07","2016-05-14",85,12.1593021495707,32.4329343434343,4.56581313131313,351.616267462747,92.4317106066628,14.5181992428567,0,0,0,0,0,0,0,7,0,0,4,0,2,2,1,0,0,0,0,0,0,0,0,0,0,0,0,0,0,0,0,0,0,0,0,0,0,0,0,0,0,0,0,0,0,0,0,0,0,0,0,0,0,0,0,0,0,0,0,0,0,0,0,0,0
"217","2016-347",24.219,3.594,"North Water",2016,"111","2016-08-07","2016-05-14",85,12.1593021495707,32.4329343434343,4.56581313131313,120.879449240249,92.4317106066628,4.99109993146904,0,0,0,1,0,0,0,8,0,0,2,0,0,1,1,0,0,0,0,0,0,0,0,0,0,0,0,0,0,0,0,0,0,0,0,0,0,0,1,0,0,2,0,0,0,0,0,0,0,0,0,3,0,0,0,0,0,0,0,0,1,0,0,0,0
"218","2016-350",27.656,3.438,"North Water",2016,"111","2016-08-07","2016-05-14",85,12.1593021495707,32.4329343434343,4.56581313131313,1524.63213860572,141.146712971453,55.1284400710774,0,0,0,0,0,0,0,5,0,0,1,0,1,3,0,0,0,0,0,0,0,0,0,0,0,0,0,0,0,0,0,0,0,0,0,0,0,0,0,0,0,0,0,0,0,0,0,0,0,0,0,0,0,0,0,0,0,0,0,0,1,0,0,0,0
"219","2016-352",19.531,2.813,"North Water",2016,"111","2016-08-07","2016-05-14",85,12.1593021495707,32.4329343434343,4.56581313131313,16.1800485002582,46.5343637972067,0.828429087105537,0,0,0,0,4,0,0,0,0,0,0,0,0,0,6,0,0,0,0,0,0,1,0,0,0,0,5,0,0,0,0,0,0,0,0,0,1,0,1,0,0,1,0,0,0,0,0,0,0,0,1,15,0,0,0,0,0,0,0,0,4,12,0,0,0
"220","2016-353",21.963,3.125,"North Water",2016,"111","2016-08-07","2016-05-14",85,12.1593021495707,32.4329343434343,4.56581313131313,176.727286399376,67.6642215680477,8.04659137637736,0,0,0,0,0,0,0,2,0,0,4,0,0,0,0,0,0,0,0,0,0,0,0,0,0,0,0,0,0,0,0,0,0,0,0,0,0,0,0,0,0,0,0,0,0,0,0,0,0,0,1,0,0,0,0,0,0,0,0,0,1,0,0,0,0
"221","2016-378",25.313,3.281,"North Water",2016,"116","2016-08-08","2016-05-14",86,12.1593021495707,32.5238194444444,4.44202777777778,148.668596301092,106.421367321411,5.87321124722838,0,0,0,0,10,0,0,4,0,0,2,0,0,0,3,0,0,0,0,0,0,5,0,0,0,1,9,0,0,0,0,0,0,0,1,0,0,0,0,0,0,37,0,0,6,0,0,0,0,0,5,0,0,0,0,0,0,0,1,0,29,1,0,0,0
"222","2016-384",18.906,2.344,"North Water",2016,"116","2016-08-08","2016-05-14",86,12.1593021495707,32.5238194444444,4.44202777777778,25.3304367334789,41.9484177498561,1.33980941148201,0,0,0,0,2,0,0,1,0,0,1,0,0,0,7,0,0,0,0,0,0,0,0,0,0,0,8,0,0,0,0,0,0,0,1,0,1,0,0,0,0,1,0,0,0,0,0,0,0,0,5,2,0,0,0,0,0,0,0,0,5,3,0,0,0
"223","2016-386",22.656,2.656,"North Water",2016,"116","2016-08-08","2016-05-14",86,12.1593021495707,32.5238194444444,4.44202777777778,265.733963647573,74.7131784148536,11.7290767852919,0,0,0,0,0,0,0,2,0,0,1,0,0,0,2,0,0,0,0,0,0,0,0,0,0,2,0,0,0,0,0,0,0,0,1,0,0,0,1,0,0,4,0,0,0,0,0,0,0,0,3,0,0,0,0,0,0,0,0,0,6,0,0,0,0
"224","2016-408",17.188,2.344,"North Water",2016,"108","2016-08-08","2016-05-14",86,12.1593021495707,32.4363333333333,3.546375,80.0465285026657,30.9550521554391,4.657117087658,0,0,0,0,0,0,0,5,0,0,0,0,0,0,19,0,0,0,0,0,0,0,0,0,0,1,10,0,0,0,0,0,0,0,0,1,14,0,1,0,0,3,0,0,0,0,0,0,0,0,6,16,0,0,0,0,0,0,0,0,9,9,0,0,0
"225","2016-445",22.031,3.125,"North Water",2016,"105","2016-08-09","2016-05-14",87,12.1593021495707,31.4531785714286,4.08361607142857,1252.27351408662,68.3347832023439,56.8414286272351,0,0,0,4,0,0,0,0,0,0,0,0,0,0,1,0,0,0,0,0,0,0,0,0,0,0,5,0,0,0,0,0,0,0,0,0,0,0,0,0,0,1,0,0,0,0,0,0,0,0,0,0,0,0,0,0,0,0,0,0,6,0,0,0,0
"226","2016-457",26.719,3.594,"North Water",2016,"105","2016-08-09","2016-05-14",87,12.1593021495707,31.4531785714286,4.08361607142857,284.828252221327,126.450085513379,10.6601389356386,0,0,0,11,0,0,0,0,0,0,2,0,0,0,1,0,0,0,0,0,0,0,0,0,0,0,1,0,0,0,0,0,0,0,0,0,0,0,0,0,0,0,0,0,3,0,0,0,0,0,0,1,0,0,0,0,0,0,0,0,0,0,0,0,0
"227","2016-462",25.469,3.594,"North Water",2016,"101","2016-08-10","2016-05-14",88,12.1593021495707,30.9503776223776,1.23416433566434,341.112695919474,108.527707563089,13.3932504581834,0,0,0,0,0,0,0,10,0,0,1,0,0,1,9,0,0,0,0,0,0,0,0,0,0,0,0,0,0,0,0,0,0,0,0,0,21,0,0,0,0,0,0,0,0,0,0,1,0,0,3,4,0,0,0,0,0,0,0,0,4,7,0,0,0
"228","2016-478",18.438,2.344,"Lancaster Sound",2016,"Allen Bay","2016-08-17","2016-06-11",67,10.7252846339788,29.4218,3.2802,160.532545759748,38.7248501099579,8.70661382795034,0,0,0,0,0,0,0,0,0,0,2,0,1,4,36,0,0,0,0,0,0,0,0,0,0,0,1,0,0,0,0,0,0,0,0,0,0,0,0,0,0,1,0,0,0,0,0,0,0,0,6,3,0,0,0,0,0,0,0,0,20,1,0,0,0
"229","2016-481",18.906,2.5,"Lancaster Sound",2016,"Allen Bay","2016-08-17","2016-06-11",67,10.7252846339788,29.4218,3.2802,30.2741903493264,41.9484177498561,1.6013006637748,0,0,0,0,0,0,0,0,0,0,0,0,0,0,31,0,0,0,0,0,0,0,0,0,0,0,0,0,0,0,0,0,0,0,0,0,0,0,0,0,0,2,0,0,0,0,0,0,0,0,0,17,0,0,0,0,0,0,0,0,1,7,0,0,0
"230","2016-482",19.063,2.188,"Lancaster Sound",2016,"Allen Bay","2016-08-17","2016-06-11",67,10.7252846339788,29.4218,3.2802,134.549124906119,43.0697915842561,7.05812961790477,0,0,0,0,0,0,0,3,0,0,4,0,0,0,26,0,0,0,0,0,0,0,0,0,0,0,1,0,0,0,0,0,0,0,0,0,0,0,0,0,0,0,0,0,0,0,0,1,0,0,1,16,0,0,0,0,0,0,0,0,6,1,0,0,0
"231","2016-483",23.75,3.125,"Lancaster Sound",2016,"Allen Bay","2016-08-17","2016-06-11",67,10.7252846339788,29.4218,3.2802,305.494978109423,86.8419602449968,12.8629464467125,0,0,0,0,0,0,0,15,0,0,11,0,0,3,13,0,0,0,0,33,0,0,0,0,0,0,0,0,0,0,0,0,0,0,0,2,0,0,0,0,0,0,0,0,0,0,0,0,0,0,2,1,0,0,0,0,0,0,0,0,10,0,0,0,0
"232","2016-484",26.563,3.125,"Lancaster Sound",2016,"Allen Bay","2016-08-17","2016-06-11",67,10.7252846339788,29.4218,3.2802,302.169199808318,124.10998111836,11.3755675115129,0,0,0,0,0,0,0,16,0,0,5,0,2,4,4,0,0,0,0,0,0,0,0,0,0,0,0,0,0,0,0,0,0,0,0,3,0,0,0,0,0,0,0,0,0,0,0,0,0,0,0,1,0,0,0,0,0,0,0,0,2,0,0,0,0
"233","2016-485",25.781,3.438,"Lancaster Sound",2016,"Allen Bay","2016-08-17","2016-06-11",67,10.7252846339788,29.4218,3.2802,411.065623629885,112.82592955406,15.9445181967296,0,0,0,0,0,0,0,7,0,0,7,0,0,6,7,0,0,0,0,0,0,0,0,0,0,0,0,0,0,0,0,0,0,0,0,0,0,0,0,0,0,0,0,0,0,0,0,0,0,0,2,0,0,0,0,0,0,0,0,0,4,1,0,0,0
"234","2016-490",13.75,1.563,"Lancaster Sound",2016,"Allen Bay","2016-08-17","2016-06-11",67,10.7252846339788,29.4218,3.2802,22.6735016218046,15.1896685259006,1.64898193613124,0,0,0,0,0,0,0,0,0,0,0,0,0,0,20,0,0,0,0,0,0,0,0,0,0,0,4,0,0,0,0,0,0,0,0,0,0,0,0,0,0,0,0,0,0,0,0,0,0,0,0,3,0,0,0,0,0,0,0,0,3,5,0,0,0
"235","2016-491",14.531,1.563,"Lancaster Sound",2016,"Allen Bay","2016-08-17","2016-06-11",67,10.7252846339788,29.4218,3.2802,42.9223826413873,18.1169607458217,2.95384919423214,0,0,0,0,0,0,0,0,0,0,0,0,0,0,34,0,0,0,0,0,0,0,0,0,0,0,4,0,0,0,0,0,0,0,0,0,0,0,0,0,0,0,0,0,0,0,0,0,0,0,0,17,0,0,0,0,0,0,0,0,4,23,0,0,0
"236","2016-496",13.906,2.344,"Lancaster Sound",2016,"305","2016-08-18","2016-06-11",68,10.7252846339788,29.1684888888889,0.657455555555556,67.2150060606406,15.7462733871685,4.83352553290958,0,0,0,0,0,0,0,0,0,0,0,0,0,1,48,0,0,0,0,2,0,0,0,0,0,0,2,0,0,0,0,0,0,0,0,0,0,0,0,0,0,0,0,0,0,0,0,0,0,0,0,7,0,0,0,0,0,0,0,0,2,13,0,0,0
"237","2016-505",14.375,1.875,"Lancaster Sound",2016,"305","2016-08-18","2016-06-11",68,10.7252846339788,29.1684888888889,0.657455555555556,10.178814773354,17.5037757903884,0.70809146249419,0,0,0,0,0,0,0,0,0,0,0,0,0,0,6,0,0,0,0,0,0,0,0,0,0,0,3,0,0,0,0,0,0,0,0,0,0,0,0,0,0,0,0,0,0,0,0,0,0,0,0,6,0,0,0,0,0,0,0,0,1,5,0,0,0
"238","2016-508",8.504,0.625,"Lancaster Sound",2016,"305","2016-08-18","2016-06-11",68,10.7252846339788,29.1684888888889,0.657455555555556,4.52293673469561,3.27990195605908,0.531859917062043,0,0,0,0,0,0,0,0,0,0,0,0,0,0,0,0,0,0,0,2,0,0,0,0,0,0,1,0,0,0,0,0,0,0,6,0,0,0,0,0,0,0,0,0,0,0,0,0,0,0,0,0,0,0,0,0,0,0,0,0,0,0,0,0,0
"239","2016-509",13.281,1.406,"Peel Sound",2016,"310E","2016-08-19","2016-07-30",20,3.86181971140142,24.54,2.225,190.691312497661,13.5978068254229,14.3582043895536,0,0,0,0,0,0,0,2,0,0,0,0,0,0,23,0,0,0,0,0,0,1,0,0,0,0,2,0,0,0,0,0,0,0,0,0,0,0,0,0,0,0,0,0,0,0,0,0,0,0,4,26,0,0,0,0,0,0,0,0,11,4,0,0,0
"240","2016-510",12.813,1.25,"Peel Sound",2016,"310E","2016-08-19","2016-07-30",20,3.86181971140142,24.54,2.225,14.5723586195553,12.1274313504518,1.13731043624095,0,0,0,0,0,0,0,1,2,0,0,0,0,0,9,0,0,0,0,0,0,0,0,0,0,0,0,0,0,0,0,0,0,0,0,0,0,0,0,1,0,0,0,0,0,0,0,0,0,0,1,17,0,0,0,0,0,0,0,0,2,9,0,0,0
"241","2016-512",14.844,2.344,"Peel Sound",2016,"310E","2016-08-19","2016-07-30",20,3.86181971140142,24.54,2.225,46.4150486249091,19.3914464924107,3.12685587610543,0,0,0,0,0,0,0,7,0,0,0,0,0,0,17,0,0,0,0,0,0,0,0,0,0,0,0,0,0,0,0,0,0,0,0,0,0,0,0,0,0,0,0,0,0,0,0,0,0,0,1,5,0,0,0,0,0,0,0,0,2,4,0,0,0
"242","2016-514",13.813,1.25,"Peel Sound",2016,"310E","2016-08-19","2016-07-30",20,3.86181971140142,24.54,2.225,15.5634695947446,15.412796601263,1.12672624301344,0,0,0,0,0,0,0,0,0,0,0,0,0,1,5,0,0,0,0,0,0,0,0,0,0,0,0,0,0,0,0,0,0,0,0,0,0,0,0,0,0,0,0,0,1,0,0,0,0,0,2,8,0,0,0,0,0,0,0,0,4,5,0,0,0
"243","2016-515",14.063,1.563,"Peel Sound",2016,"310E","2016-08-19","2016-07-30",20,3.86181971140142,24.54,2.225,52.3605759877348,16.3204239231285,3.7232863533908,0,0,0,0,0,0,0,0,0,0,0,0,0,1,44,0,0,0,0,0,0,0,0,0,0,0,1,0,0,0,0,0,0,0,0,0,0,0,0,0,0,0,0,0,1,0,0,0,0,0,3,23,0,0,0,0,0,0,0,0,7,33,0,0,0
"244","2016-516",10,0.938,"Peel Sound",2016,"310E","2016-08-19","2016-07-30",20,3.86181971140142,24.54,2.225,4.38181650482084,5.5,0.438181650482084,0,0,0,0,0,0,0,0,0,0,0,0,0,0,3,0,0,0,0,0,0,0,0,0,0,0,0,0,0,0,0,0,0,0,0,0,0,0,0,0,0,0,0,0,0,0,0,0,0,0,0,13,0,0,0,0,0,0,0,0,1,8,0,0,0
"245","2016-517",12.5,1.25,"Peel Sound",2016,"310E","2016-08-19","2016-07-30",20,3.86181971140142,24.54,2.225,15.9802829805439,11.2074195739606,1.27842263844351,0,0,0,0,0,0,0,4,1,0,0,0,0,1,8,0,0,0,0,0,0,0,0,0,0,0,0,0,0,0,0,0,0,0,0,0,0,0,0,0,0,1,0,0,0,0,0,0,0,0,0,4,0,0,0,0,0,0,0,0,1,4,0,0,0
"246","2016-518",12.656,1.25,"Peel Sound",2016,"310E","2016-08-19","2016-07-30",20,3.86181971140142,24.54,2.225,18.194703770106,11.6597279268194,1.43763462153177,0,0,0,0,0,0,0,0,0,0,0,0,0,1,12,0,0,0,0,0,0,0,0,0,0,0,1,0,0,0,0,0,0,0,0,0,0,0,0,0,0,0,0,0,0,0,0,0,0,0,0,19,0,0,0,0,0,0,0,0,10,15,0,0,0
"247","2016-520",9.844,0.938,"Peel Sound",2016,"310E","2016-08-19","2016-07-30",20,3.86181971140142,24.54,2.225,7.3900970000504,5.23094446782011,0.750720946774725,0,0,0,0,0,0,0,0,2,0,0,0,0,0,5,0,0,0,0,0,0,0,0,0,0,0,2,0,0,0,0,0,0,0,0,0,0,0,0,0,0,0,0,0,0,0,0,0,0,0,1,5,0,0,0,0,0,0,0,0,1,3,0,0,0
"248","2016-521",14.688,1.563,"Peel Sound",2016,"310E","2016-08-19","2016-07-30",20,3.86181971140142,24.54,2.225,41.6109743334374,18.7488047863881,2.83299117193882,0,0,0,0,0,0,0,2,1,0,0,0,0,0,32,0,0,0,0,0,0,0,0,0,0,0,0,0,0,0,0,0,0,0,0,0,0,0,0,0,0,1,0,0,0,0,0,0,0,0,6,38,0,0,0,0,0,0,0,0,7,16,0,0,0
"249","2016-525",13.594,1.593,"Larsen Sound - Victoria Strait",2016,"311","2016-08-20","2016-07-30",21,2.48585897975078,25.84425,1.8155,17.5132346981488,14.6467229490528,1.28830621584146,0,0,0,0,0,0,0,0,0,0,0,0,0,0,16,0,0,0,0,0,0,0,0,0,0,0,4,0,0,0,0,0,0,0,0,0,0,0,0,0,0,0,0,0,1,0,0,0,0,0,0,9,0,0,0,0,0,0,0,0,0,4,0,0,0
"250","2016-535",16.25,1.875,"Larsen Sound - Victoria Strait",2016,"311","2016-08-20","2016-07-30",21,2.48585897975078,25.84425,1.8155,105.675949655223,25.8812307513531,6.50313536339832,0,0,0,1,0,0,0,13,0,0,0,0,0,2,19,0,0,0,0,0,0,0,0,0,0,1,55,0,0,0,0,0,0,0,0,0,0,0,0,2,0,0,0,0,0,0,0,1,0,0,9,11,0,0,0,0,0,0,0,0,13,11,0,0,0
"251","2016-542",15.313,2.188,"Larsen Sound - Victoria Strait",2016,"311","2016-08-20","2016-07-30",21,2.48585897975078,25.84425,1.8155,56.5911143408312,21.4143546425213,3.69562556917855,0,0,0,0,0,0,0,5,0,0,0,0,0,0,9,0,0,0,0,1,0,0,0,0,0,0,67,0,0,0,0,0,0,0,0,0,0,0,0,0,0,0,0,0,0,0,0,1,0,0,5,6,0,0,0,0,0,0,0,0,4,5,0,0,0
"252","2016-545",13.125,1.406,"Larsen Sound - Victoria Strait",2016,"311","2016-08-20","2016-07-30",21,2.48585897975078,25.84425,1.8155,16.7767971143841,13.0948188538171,1.27823216109593,0,0,0,0,0,0,0,2,1,0,0,0,0,0,6,0,0,0,0,0,0,0,0,0,0,0,46,0,0,0,0,0,0,0,0,0,0,0,0,0,0,0,0,0,0,0,0,0,0,0,1,4,0,0,0,0,0,0,0,0,0,0,0,0,0
"253","2016-547",12.031,1.406,"Larsen Sound - Victoria Strait",2016,"311","2016-08-20","2016-07-30",21,2.48585897975078,25.84425,1.8155,36.6959198313265,9.92030895660998,3.05011385847615,0,0,0,0,0,0,0,1,3,0,0,0,0,0,31,0,0,0,0,1,0,0,0,0,0,0,6,0,0,0,0,0,0,0,0,0,0,0,0,0,0,0,0,0,0,0,0,0,0,0,1,37,0,0,0,0,0,0,0,0,1,25,0,0,0
"254","2016-550",14.063,1.563,"Larsen Sound - Victoria Strait",2016,"311","2016-08-20","2016-07-30",21,2.48585897975078,25.84425,1.8155,52.7656889729616,16.3204239231285,3.75209336364656,0,0,0,1,0,0,0,1,0,0,0,0,0,0,19,0,0,0,0,0,0,0,0,0,0,3,18,0,0,0,0,0,0,0,0,0,0,0,0,1,0,0,0,0,0,0,0,0,0,0,1,32,0,0,0,0,0,0,0,0,4,18,0,0,0
"255","2016-555",11.875,1.25,"Larsen Sound - Victoria Strait",2016,"311","2016-08-20","2016-07-30",21,2.48585897975078,25.84425,1.8155,29.9635255800959,9.51576990013298,2.5232442593765,0,0,0,0,0,0,0,0,3,0,0,0,0,0,34,0,0,0,0,0,0,0,0,0,0,0,1,0,0,0,0,0,0,0,0,0,0,0,0,0,0,0,0,0,0,0,0,0,0,0,0,56,0,0,0,0,0,0,0,0,0,10,0,0,0
"256","2016-569",19.219,2.813,"Larsen Sound - Victoria Strait",2016,"312","2016-08-20","2016-07-30",21,2.48585897975078,26.2153333333333,4.22466666666667,74.9019712305531,44.204237062162,3.89728764402691,0,0,0,0,0,0,0,2,1,0,0,0,0,0,28,0,0,0,0,0,0,2,1,0,0,0,27,0,0,0,0,0,0,0,0,0,0,0,1,16,0,1,0,0,2,0,0,1,0,0,11,66,0,0,0,0,0,0,0,0,11,29,0,0,0
"257","2016-570",18.125,2.344,"Larsen Sound - Victoria Strait",2016,"312","2016-08-20","2016-07-30",21,2.48585897975078,26.2153333333333,4.22466666666667,38.9732742110739,36.6665085906299,2.15024961164546,0,0,0,0,0,0,0,3,0,0,0,0,0,0,20,0,0,0,0,0,0,0,0,0,0,0,4,0,0,0,0,0,0,0,0,0,0,0,0,2,0,1,0,0,1,0,0,1,0,0,2,29,0,0,0,0,0,0,0,0,7,14,0,0,0
"258","2016-574",13.438,1.563,"Larsen Sound - Victoria Strait",2016,"312","2016-08-20","2016-07-30",21,2.48585897975078,26.2153333333333,4.22466666666667,16.9287489971286,14.1172524415171,1.25976700380478,0,0,0,0,1,0,0,0,0,0,0,0,0,0,13,0,0,0,0,0,0,0,0,0,0,0,2,0,0,0,0,0,0,0,0,0,0,0,0,0,0,0,0,0,0,0,0,0,0,0,0,13,0,0,0,0,0,0,0,0,8,11,0,0,0
"259","2016-576",14.375,1.719,"Larsen Sound - Victoria Strait",2016,"312","2016-08-20","2016-07-30",21,2.48585897975078,26.2153333333333,4.22466666666667,49.6280085257448,17.5037757903884,3.45238320179094,0,0,0,0,0,0,0,3,0,0,0,0,0,1,34,0,0,0,0,0,0,2,0,0,0,0,7,0,0,0,0,0,0,0,0,0,0,0,0,4,0,0,0,0,0,0,0,0,0,0,1,33,0,0,0,0,0,0,0,0,4,10,0,0,0
"260","2016-578",20.625,2.813,"Larsen Sound - Victoria Strait",2016,"312","2016-08-20","2016-07-30",21,2.48585897975078,26.2153333333333,4.22466666666667,321.739675882647,55.3706233886874,15.5994994367344,0,0,0,0,0,0,0,6,0,0,6,0,0,3,18,0,0,0,0,1,0,2,0,0,0,0,29,0,0,0,0,0,0,0,0,0,0,0,1,1,0,0,0,0,0,0,0,1,0,0,10,28,0,0,0,0,0,0,0,0,16,16,0,0,0
"261","2016-579",9.688,0.781,"Larsen Sound - Victoria Strait",2016,"312","2016-08-20","2016-07-30",21,2.48585897975078,26.2153333333333,4.22466666666667,2.30851610218298,4.97106640512404,0.238286137715006,0,0,0,0,0,0,0,0,0,0,0,0,0,0,2,0,0,0,0,0,0,0,0,0,0,0,1,0,0,0,0,0,0,0,0,0,0,0,0,0,0,0,0,0,0,0,0,0,0,0,0,9,0,0,0,0,0,0,0,0,0,4,0,0,0
"262","2016-583",24.375,3.75,"Coronation Maud",2016,"QMG-M","2016-08-21","2016-07-16",36,4.89054596066946,19.8085833333333,8.21166666666667,210.713883010875,94.3443814014318,8.64467212352308,13,4,0,0,0,0,1,0,15,0,3,0,0,1,76,0,0,0,0,0,0,0,3,0,0,0,0,0,0,0,0,0,0,0,0,0,2,0,0,0,0,0,0,1,0,0,0,0,0,0,76,443,0,1,0,0,0,0,0,0,32,109,0,0,0
"263","2016-587",12.5,2.188,"Coronation Maud",2016,"QMG-2","2016-08-21","2016-07-16",36,4.89054596066946,20.82,7.20833333333333,35.5687130726447,11.2074195739606,2.84549704581157,0,0,0,0,0,0,0,0,0,0,2,0,0,0,4,0,0,0,0,0,0,0,0,0,0,0,0,0,0,0,0,0,0,0,0,0,0,0,0,0,0,0,0,0,0,0,0,0,0,0,1,10,0,0,0,0,0,0,0,0,9,2,0,0,0
"264","2016-588",11.875,1.563,"Coronation Maud",2016,"QMG-2","2016-08-21","2016-07-16",36,4.89054596066946,20.82,7.20833333333333,12.0945917415919,9.51576990013298,1.01849193613405,0,0,0,0,0,0,0,0,0,0,0,0,0,0,10,0,0,0,0,0,0,0,0,0,0,0,0,0,0,0,0,0,0,0,0,0,0,0,0,0,0,0,0,0,0,0,0,0,0,0,0,18,1,0,0,0,0,0,0,0,0,8,0,0,0
"265","2016-592",17.969,2.344,"Coronation Maud",2016,"QMG-1","2016-08-22","2016-07-16",37,4.89054596066946,24.1704,5.175,101.745907504913,35.6692483956817,5.66230215954771,1,0,0,0,0,0,1,0,7,0,7,0,0,0,4,0,0,0,0,0,0,0,0,0,0,0,0,0,0,0,0,0,0,0,0,0,3,0,0,0,0,0,0,0,0,0,0,0,0,0,9,77,0,0,0,0,0,0,0,0,7,14,0,0,0
"266","2016-594",17.969,2.031,"Coronation Maud",2016,"QMG-1","2016-08-22","2016-07-16",37,4.89054596066946,24.1704,5.175,9.14070514511247,35.6692483956817,0.508693034955338,1,0,0,0,1,0,0,0,0,0,0,0,0,0,1,0,0,0,0,0,0,0,0,0,0,0,0,0,0,0,0,0,0,0,0,0,0,0,0,0,0,0,0,0,0,0,0,2,0,0,3,42,0,0,0,0,0,0,0,0,1,2,0,0,0
"267","2016-600",18.906,2.5,"Coronation Maud",2016,"QMG-3","2016-08-22","2016-07-16",37,4.89054596066946,22.729375,7.3215,65.4065710055676,41.9484177498561,3.45956685737689,20,0,0,0,0,0,0,0,1,0,1,1,0,0,27,0,0,0,0,0,0,0,0,0,0,0,0,0,0,0,0,0,0,0,0,0,0,0,0,0,0,2,0,0,0,0,0,0,0,0,5,70,5,0,0,0,0,0,0,0,5,9,0,0,0
"268","2016-615",21.406,2.813,"Coronation Maud",2016,"QMG-4","2016-08-23","2016-07-16",38,4.89054596066946,24.9786666666667,7.82777777777778,126.507582578429,62.3406034342712,5.90991229461034,12,0,0,0,5,0,0,0,8,0,3,0,0,0,95,0,0,0,0,0,0,0,0,0,0,0,39,1,0,0,0,121,0,0,0,0,0,0,0,0,0,6,0,0,0,0,0,2,0,0,21,89,0,0,0,0,0,0,0,0,4,13,0,0,0
"269","2016-618",36,4.844,"Coronation Maud",2016,"314","2016-08-23","2016-07-16",38,4.89054596066946,25.2982388888889,7.64311666666667,825.252267788513,327.316325396435,22.9236741052365,0,0,0,0,0,0,0,9,0,0,17,0,0,10,3,0,0,0,0,0,0,0,0,0,0,0,0,0,0,0,0,0,0,0,0,0,0,0,5,0,0,0,0,0,0,0,0,0,0,0,5,0,0,0,0,0,0,0,0,0,9,0,0,0,0
"270","2016-621",18.125,2.5,"Coronation Maud",2016,"314","2016-08-23","2016-07-16",38,4.89054596066946,25.2982388888889,7.64311666666667,128.163798629591,36.6665085906299,7.07110613128775,0,0,0,0,0,0,0,0,1,0,11,0,0,1,8,0,0,0,0,0,0,0,0,1,0,2,49,0,0,0,0,0,0,0,0,0,0,0,1,0,0,11,0,0,0,0,0,0,0,0,26,12,0,0,0,0,0,0,0,0,6,6,0,0,0
"271","2016-626",29,4,"Coronation Maud",2016,"316","2016-08-23","2016-07-16",38,4.89054596066946,27.1365,7.517,267.300428682118,164.214802677493,9.21725616145234,0,0,0,0,0,0,0,0,1,0,28,2,0,2,110,0,0,0,0,0,0,0,2,1,4,9,40,0,1,0,0,0,0,0,0,0,0,3,0,0,0,31,0,0,0,0,0,0,0,0,46,171,0,0,0,0,0,0,3,0,29,78,0,0,0
"272","2016-627",40,6,"Coronation Maud",2016,"316","2016-08-23","2016-07-16",38,4.89054596066946,27.1365,7.517,1454.39639008439,458.072333115561,36.3599097521097,1,0,0,1,12,0,0,15,0,0,1,0,0,8,170,0,0,0,0,1,0,1,0,0,9,35,282,0,0,0,0,0,0,0,0,0,1,0,11,1,0,76,0,0,6,0,0,0,0,0,45,78,0,0,0,0,0,0,0,0,87,59,1,0,0
"273","2017-308",26,3,"Lancaster Sound",2017,"301","2017-08-03","2017-06-11",53,7.48601559008161,30.3383193701723,2.36204188948307,636.027296101561,115.911805193533,24.4625883115985,0,0,0,0,0,0,0,0,1,0,9,0,1,1,10,0,0,0,0,0,0,0,0,0,0,0,1,0,0,0,0,0,0,0,0,0,0,0,0,0,0,0,0,0,0,0,0,0,0,0,0,19,0,0,0,0,0,0,0,0,0,0,0,0,0
"274","2017-318",21.25,3.281,"Lancaster Sound",2017,"301","2017-08-03","2017-06-11",53,7.48601559008161,30.3383193701723,2.36204188948307,44.1491115355693,60.9028603637575,2.07760524873267,0,0,0,0,2,0,0,0,3,0,0,0,0,0,44,0,0,0,0,0,0,0,0,0,0,0,5,0,0,0,0,0,0,0,0,0,0,0,0,0,0,1,0,0,0,0,0,0,0,0,0,45,0,0,0,0,0,0,0,0,0,0,0,0,0
"275","2017-322",15,1.719,"Lancaster Sound",2017,"301","2017-08-03","2017-06-11",53,7.48601559008161,30.3383193701723,2.36204188948307,24.2628979164302,20.0490503211771,1.61752652776202,0,0,0,0,2,0,0,0,1,0,0,0,0,0,23,0,0,0,0,0,0,0,0,0,0,0,4,0,0,0,0,0,0,0,0,0,0,0,0,0,0,0,0,0,2,0,0,0,0,0,0,34,0,0,0,0,0,0,0,0,0,0,0,0,0
"276","2017-331",15,1.875,"Lancaster Sound",2017,"301","2017-08-03","2017-06-11",53,7.48601559008161,30.3383193701723,2.36204188948307,8.03400435410004,20.0490503211771,0.535600290273336,0,0,0,0,0,0,0,0,0,0,0,0,0,0,6,0,0,0,0,0,0,0,0,0,0,0,2,0,0,0,0,0,0,0,0,0,0,0,0,0,0,0,0,0,0,0,0,0,0,0,0,23,0,0,0,0,0,0,0,0,0,1,0,0,0
"277","2017-339",14.844,2.031,"Lancaster Sound",2017,"304","2017-08-04","2017-06-11",54,7.48601559008161,29.9355416666667,1.26192857142857,24.9265369335456,19.3914464924107,1.67923315370154,0,0,0,0,0,0,0,0,0,0,0,0,0,0,18,0,0,0,0,0,0,0,0,0,0,0,18,0,0,0,0,0,0,0,0,0,0,0,0,0,0,0,0,0,0,0,0,0,0,0,1,16,0,0,0,0,0,0,0,0,0,0,0,0,0
"278","2017-346",11.719,1.094,"Lancaster Sound",2017,"304","2017-08-04","2017-06-11",54,7.48601559008161,29.9355416666667,1.26192857142857,14.9457249175093,9.1227034502647,1.27534131901266,0,0,0,0,4,0,0,0,0,0,0,0,0,0,5,0,0,0,0,0,0,0,0,0,0,0,17,0,0,0,0,0,0,0,0,0,0,0,0,0,0,0,0,0,0,0,0,0,0,0,0,5,0,0,0,0,0,0,0,0,0,0,0,0,0
"279","2017-348",12.188,1.25,"Lancaster Sound",2017,"304","2017-08-04","2017-06-11",54,7.48601559008161,29.9355416666667,1.26192857142857,20.8416628099283,10.3392060579792,1.71001499917363,0,0,0,0,0,0,0,0,0,0,0,0,0,0,14,0,0,0,0,0,0,0,0,0,0,0,16,0,0,0,0,0,0,0,0,0,0,0,0,0,0,0,0,0,0,0,0,0,0,0,0,11,0,0,0,0,0,0,0,0,0,0,0,0,0
"280","2017-359",14.531,1.719,"Lancaster Sound",2017,"305","2017-08-05","2017-06-11",55,7.48601559008161,30.28139449533,2.51549481128163,19.8831434281241,18.1169607458217,1.36832588453128,0,0,0,0,0,0,3,9,0,0,0,0,0,1,5,0,0,0,0,0,0,0,0,0,0,0,0,0,0,0,0,0,0,0,0,0,0,0,0,0,0,0,0,0,0,0,0,0,0,0,2,3,0,0,0,0,0,0,0,0,0,0,0,0,0
"281","2017-360",9.375,0.781,"Lancaster Sound",2017,"305","2017-08-05","2017-06-11",55,7.48601559008161,30.28139449533,2.51549481128163,2.86058910087803,4.47662856118493,0.305129504093656,0,0,0,0,0,0,0,0,0,0,0,0,0,0,2,0,0,0,0,0,0,0,0,0,0,0,1,0,0,0,0,0,0,0,0,0,0,0,0,0,0,0,0,0,0,0,0,0,0,0,0,5,0,0,0,0,0,0,0,0,0,0,0,0,0
"282","2017-363",13.438,1.563,"Lancaster Sound",2017,"305","2017-08-05","2017-06-11",55,7.48601559008161,30.28139449533,2.51549481128163,19.3437316198719,14.1172524415171,1.43947995385265,0,0,0,0,0,0,0,3,0,0,0,0,0,1,13,0,0,0,0,0,0,0,0,0,0,0,1,0,0,0,0,0,0,0,0,0,0,0,0,0,0,0,0,0,0,0,0,0,0,0,0,4,0,0,0,0,0,0,0,0,0,0,0,0,0
"283","2017-381",15.469,1.719,"Coronation Maud",2017,"QMG-M","2017-08-08","2017-07-09",30,1.74943747087777,24.22665,3.80105,37.4489894467998,22.1180702631628,2.42090564657055,0,0,0,0,0,0,0,0,0,0,0,0,0,0,25,0,0,0,0,0,0,0,0,0,0,0,0,0,0,0,0,0,0,0,0,0,1,0,4,0,0,0,0,0,0,0,0,0,0,0,30,150,0,0,0,0,0,0,0,0,0,0,0,0,0
"284","2017-382",16.406,2.031,"Coronation Maud",2017,"QMG-M","2017-08-08","2017-07-09",30,1.74943747087777,24.22665,3.80105,26.7903310079249,26.682180975889,1.63295934462544,0,0,0,0,0,0,0,0,0,0,0,0,0,0,19,0,0,0,0,0,0,0,0,0,0,0,4,0,0,0,0,0,0,0,0,0,0,0,0,0,0,1,0,0,0,0,0,0,0,0,18,107,0,0,0,0,0,0,0,0,0,0,0,0,0
"285","2017-394",21.406,2.813,"Coronation Maud",2017,"QMG-4","2017-08-09","2017-07-09",31,1.74943747087777,27.9793333333333,3.23966666666667,95.7227356884639,62.3406034342712,4.47177126452695,9,2,0,0,0,0,0,0,0,0,0,0,0,0,29,0,0,0,0,8,0,0,0,0,0,0,20,0,0,0,0,0,0,0,0,0,1,0,0,34,0,7,0,0,0,0,0,0,0,0,11,403,0,0,0,0,0,0,0,0,0,0,0,0,0
"286","2017-395",17.969,2.344,"Coronation Maud",2017,"QMG-4","2017-08-09","2017-07-09",31,1.74943747087777,27.9793333333333,3.23966666666667,64.4135438391166,35.6692483956817,3.58470386994917,1,0,0,0,0,0,0,0,0,0,0,0,0,0,21,0,0,0,0,2,0,0,0,0,0,0,0,0,0,0,0,0,0,0,0,0,2,0,0,2,0,35,4,0,0,0,0,0,0,0,15,536,0,0,0,0,0,0,0,0,0,0,0,0,0
"287","2017-399",15.938,2.344,"Coronation Maud",2017,"QMG-3","2017-08-09","2017-07-09",31,1.74943747087777,27.5435,4.60907142857143,47.6635164993031,24.3291302366352,2.990558194209,1,0,0,0,0,0,0,0,0,0,0,0,0,0,15,0,0,0,0,0,0,0,0,0,0,0,1,0,0,0,0,0,0,0,0,0,0,0,0,0,0,0,0,0,0,0,0,0,0,0,7,243,0,0,0,0,0,0,0,0,0,0,0,0,0
"288","2017-403",12.031,1.875,"Coronation Maud",2017,"QMG-1","2017-08-09","2017-07-09",31,1.74943747087777,21.0134285714286,4.15171428571429,24.6962690244887,9.92030895660998,2.05271955984446,0,0,0,0,0,0,0,0,0,0,0,0,0,0,5,0,0,0,0,0,0,0,0,0,0,0,30,0,0,0,0,0,0,0,0,0,0,0,0,0,0,0,0,0,0,0,0,0,0,0,24,4,0,0,0,0,0,0,0,0,0,0,0,0,0
"289","2017-406",16.719,2.5,"Coronation Maud",2017,"QMG-2","2017-08-09","2017-07-09",31,1.74943747087777,18.47175,6.12475,35.133684740735,28.3402410205375,2.10142261742539,0,0,0,0,0,0,0,0,0,0,0,0,0,0,7,0,0,0,0,1,0,0,0,0,0,0,3,0,0,0,0,0,0,0,0,0,1,0,0,0,0,35,2,0,0,0,0,0,0,0,7,3,0,0,0,0,0,0,0,0,0,0,0,0,0
"290","2017-408",19.375,2.969,"Coronation Maud",2017,"QMG-2","2017-08-09","2017-07-09",31,1.74943747087777,18.47175,6.12475,95.2941354917164,45.3590289063943,4.91840699312085,0,0,0,0,0,0,0,0,0,0,2,0,0,0,10,0,0,0,0,0,0,0,0,0,0,0,85,0,0,0,0,0,0,0,0,0,0,0,0,0,0,8,0,0,0,0,0,0,0,0,55,0,0,0,0,0,0,0,0,0,0,0,0,0,0
"291","2017-411",13.75,1.563,"Coronation Maud",2017,"QMG-2","2017-08-09","2017-07-09",31,1.74943747087777,18.47175,6.12475,9.93361801778412,15.1896685259006,0.722444946747936,1,0,0,0,1,0,0,0,0,0,0,0,0,0,2,0,0,0,0,0,0,0,0,0,0,0,1,0,0,0,0,0,0,0,0,0,1,0,0,0,0,3,0,0,0,0,0,0,0,0,5,26,0,0,0,0,0,0,0,0,0,0,0,0,0
"292","2017-415",13.594,1.719,"Coronation Maud",2017,"QMG-2","2017-08-09","2017-07-09",31,1.74943747087777,18.47175,6.12475,12.1018056777969,14.6467229490528,0.890231401927094,0,0,0,0,0,0,0,0,0,0,1,0,0,0,2,0,0,0,0,0,0,0,0,0,0,0,1,0,0,0,0,0,0,0,0,0,0,0,0,0,0,0,0,0,0,0,0,0,0,0,13,0,0,0,0,0,0,0,0,0,0,0,0,0,0
"293","2018-1001",17.187,2.343,"Coronation Maud",2018,"QMG-2","2018-08-21","2018-07-23",29,3.44457852198377,23.4742857142857,2.86571428571429,9.08685437266623,30.9493074308844,0.52870508946682,0,0,0,0,0,0,0,0,0,0,0,0,0,0,4,0,0,0,0,0,0,0,0,0,0,0,8,0,0,0,0,0,0,0,0,0,0,0,0,0,0,0,0,0,0,0,0,1,0,0,0,3,0,0,0,0,0,0,0,0,5,0,0,0,0
"294","2018-1040",18.906,2.812,"Coronation Maud",2018,"QMG-4","2018-08-22","2018-07-23",30,3.44457852198377,27.7348461538462,2.68323076923077,89.1581027497807,41.9484177498561,4.71586283453828,0,0,0,0,0,0,0,0,0,0,1,0,0,0,66,0,0,0,0,0,0,0,0,0,0,0,7,0,0,0,0,0,0,0,0,0,0,0,0,0,0,1,0,0,0,0,0,0,0,0,5,57,0,0,0,0,0,0,0,0,11,7,0,0,0
"295","2018-1044",15.156,2.343,"Coronation Maud",2018,"QMG-4","2018-08-22","2018-07-23",30,3.44457852198377,27.7348461538462,2.68323076923077,91.0738580728045,20.7218035755726,6.00909594040674,0,0,0,0,0,0,0,0,0,1,0,0,0,0,86,0,0,0,0,0,0,0,0,0,0,0,1,0,0,0,0,0,0,0,0,0,0,0,0,0,0,0,0,0,0,0,0,0,0,0,2,34,0,0,0,0,0,0,0,0,15,7,0,0,0
"296","2018-1058",17.343,2.656,"Coronation Maud",2018,"QMG-M","2018-08-22","2018-07-23",30,3.44457852198377,25.5763333333333,3.77716666666667,73.061776190879,31.8543659010099,4.21275305257908,0,0,0,0,0,0,0,0,0,0,1,0,0,0,22,0,0,0,0,0,0,0,0,0,0,0,46,0,0,0,0,0,0,0,0,0,0,0,0,0,0,0,0,0,0,0,0,0,0,0,4,15,0,0,0,0,0,0,0,0,8,0,0,0,0
"297","2018-1064",10.937,1.718,"Coronation Maud",2018,"QMG-M","2018-08-22","2018-07-23",30,3.44457852198377,25.5763333333333,3.77716666666667,15.2419189161432,7.31893661725639,1.39361058024534,0,0,0,0,0,0,0,0,0,0,0,0,0,0,10,0,0,0,0,0,0,0,0,0,0,0,8,0,0,0,0,0,0,0,0,0,0,0,0,0,0,0,0,0,0,0,0,0,0,0,0,31,0,0,0,0,0,0,0,0,1,18,0,0,0
"298","2018-1070",16.25,2.343,"Coronation Maud",2018,"QMG-M","2018-08-22","2018-07-23",30,3.44457852198377,25.5763333333333,3.77716666666667,70.1276286897962,25.8812307513531,4.31554638091054,0,0,0,0,0,0,0,0,1,0,0,0,0,0,31,0,0,0,0,0,0,0,1,0,0,0,64,0,0,0,0,0,0,0,0,0,0,0,0,0,0,4,0,0,0,0,0,0,0,0,16,17,0,0,0,0,0,0,0,0,12,0,10,0,0
"299","2018-1073",29.218,3.906,"North Water",2018,"101","2018-08-28","2018-06-04",85,8.38072426703187,31.9418,2.15426666666667,103.611232007289,168.185184443442,3.54614388415664,0,0,0,0,86,0,0,0,0,0,2,0,0,0,0,0,0,0,0,0,0,0,2,0,0,0,3,0,0,0,0,152,0,0,0,0,0,0,0,0,0,0,0,0,0,0,0,0,0,0,0,3,0,0,0,0,0,0,0,0,2,2,0,0,0
"300","2018-1081",20.312,3.125,"North Water",2018,"101","2018-08-28","2018-06-04",85,8.38072426703187,31.9418,2.15426666666667,84.4305505825327,52.734370216151,4.15668327011288,0,0,0,1,5,0,0,0,0,0,0,0,0,1,9,0,0,0,0,0,0,0,0,0,0,0,1,0,0,0,0,12,0,0,0,0,17,0,0,0,1,7,0,0,0,0,0,0,0,0,0,3,0,0,0,0,0,0,0,0,13,12,0,0,0
"301","2018-1085",24.218,3.281,"North Water",2018,"101","2018-08-28","2018-06-04",85,8.38072426703187,31.9418,2.15426666666667,781.803699326607,92.4195365356507,32.2819266383106,0,0,0,0,1,0,0,1,0,0,26,0,0,2,3,0,0,0,0,0,0,0,0,0,0,0,4,0,0,0,0,0,0,0,0,0,4,0,0,0,0,1,0,0,0,0,0,0,0,0,3,0,0,0,0,0,0,0,0,0,11,0,0,0,0
"302","2018-1087",20.312,3.125,"North Water",2018,"101","2018-08-28","2018-06-04",85,8.38072426703187,31.9418,2.15426666666667,153.244932271321,52.734370216151,7.54455160847388,0,0,0,0,4,0,0,0,0,0,9,0,0,1,8,0,0,0,0,0,0,0,0,0,0,0,0,0,0,0,0,0,0,0,0,0,4,0,1,0,0,3,0,1,1,0,0,0,0,0,68,15,0,0,0,0,0,0,0,0,42,8,0,0,0
"303","2018-1089",18.437,2.031,"North Water",2018,"101","2018-08-28","2018-06-04",85,8.38072426703187,31.9418,2.15426666666667,13.2238862382247,38.718150634112,0.717247178945856,0,0,0,0,1,0,0,0,1,0,0,0,0,0,12,0,0,0,0,0,0,0,0,0,0,0,0,0,0,0,0,4,0,0,0,0,4,0,0,0,0,4,0,0,0,0,0,0,0,0,0,2,0,0,0,0,0,0,0,0,2,3,0,0,0
"304","2018-1090",10.156,1.406,"North Water",2018,"101","2018-08-28","2018-06-04",85,8.38072426703187,31.9418,2.15426666666667,22.2848232338588,5.77840633018449,2.1942519923059,0,0,0,0,1,0,0,0,0,0,0,0,0,0,5,0,0,0,0,0,0,0,4,0,0,0,1,0,0,0,0,0,0,0,0,0,25,0,0,0,0,0,0,0,0,0,0,0,0,0,0,0,0,0,0,0,0,0,0,0,0,13,0,0,0
"305","2018-1097",28.125,3.906,"North Water",2018,"115","2018-08-29","2018-06-04",86,8.38072426703187,31.9514444444444,3.04727777777778,489.21103408753,148.925087440757,17.39417010089,0,0,0,0,0,0,0,0,0,2,2,0,0,0,2,0,0,0,0,0,0,0,0,0,0,0,22,0,0,0,0,0,0,0,0,0,1,0,0,0,0,6,0,0,0,0,0,0,0,0,0,0,0,0,0,0,0,0,0,0,2,2,0,0,0
"306","2018-1101",22.656,3.437,"North Water",2018,"115","2018-08-29","2018-06-04",86,8.38072426703187,31.9514444444444,3.04727777777778,115.213713574024,74.7131784148536,5.08535105817551,0,0,0,0,0,0,0,0,0,0,0,0,0,0,0,0,0,0,0,0,0,0,0,0,0,7,127,0,0,0,0,0,0,0,0,0,0,0,0,0,0,3,0,0,0,0,0,0,0,0,0,0,0,0,0,0,0,0,0,0,1,0,0,0,0
"307","2018-1109",22.343,2.5,"North Water",2018,"115","2018-08-29","2018-06-04",86,8.38072426703187,31.9514444444444,3.04727777777778,51.70942149062,71.470040516217,2.31434549928926,0,0,0,0,0,0,0,0,0,0,0,0,0,0,0,0,0,0,0,0,0,0,0,0,0,1,110,0,0,0,0,0,0,0,2,0,2,0,0,0,0,4,0,0,0,0,0,0,0,0,0,3,0,0,0,0,0,0,0,0,0,5,0,0,0
"308","2018-1118",16.718,1.718,"North Water",2018,"115","2018-08-29","2018-06-04",86,8.38072426703187,31.9514444444444,3.04727777777778,46.567593933937,28.3348340316054,2.78547636882025,0,0,0,0,0,0,0,0,0,0,0,0,0,0,0,0,0,0,0,0,0,2,2,0,0,0,102,0,0,0,0,0,0,0,1,0,0,0,0,0,0,2,0,0,0,0,0,0,0,0,0,0,0,0,0,0,0,0,0,0,1,0,0,0,0
"309","2018-1130",21.875,2.968,"North Water",2018,"115","2018-08-29","2018-06-04",86,8.38072426703187,31.9514444444444,3.04727777777778,50.5392922899268,66.8031599754028,2.31036764753951,0,0,0,0,0,0,0,0,0,0,0,0,0,0,3,0,0,0,0,0,0,0,0,0,0,1,80,0,0,0,0,0,0,0,0,0,3,0,0,0,0,4,0,0,0,0,0,0,0,0,2,1,0,0,0,0,0,0,0,0,5,4,0,0,0
"310","2018-1173",13.5605660825338,1.77728577432412,"Coronation Maud",2018,"QMG-1","2018-08-21","2018-07-23",29,3.44457852198377,21.3948,3.282,35.8823716647689,14.5321185960842,2.64608213597999,0,0,0,0,0,0,0,0,7,0,0,0,0,0,25,0,0,0,0,0,0,0,7,0,0,0,15,0,0,0,0,0,0,0,0,0,0,0,0,0,0,0,0,0,0,0,0,0,0,0,8,57,0,0,0,0,0,0,0,0,5,11,0,0,0
"311","2018-1177",14.0116210957676,1.7192300182322,"Coronation Maud",2018,"QMG-1","2018-08-21","2018-07-23",29,3.44457852198377,21.3948,3.282,53.7551358708328,16.1309756720179,3.83646799349079,0,0,0,0,0,0,0,0,0,0,0,0,0,0,9,0,0,0,0,0,0,0,0,0,0,0,165,0,0,0,0,0,0,0,0,0,0,0,0,0,0,0,0,0,0,0,0,0,0,0,3,3,0,0,0,0,0,0,0,0,10,5,0,0,0
"312","2018-1178",10.8971936234388,1.06833567589389,"Coronation Maud",2018,"QMG-1","2018-08-21","2018-07-23",29,3.44457852198377,21.3948,3.282,3.59670411333653,7.23429940886737,0.33005783301862,0,0,0,0,0,0,0,0,4,0,0,0,0,0,1,0,0,0,0,0,0,0,5,0,0,0,1,0,0,0,0,0,0,0,0,0,0,0,0,0,0,0,0,0,0,0,0,0,0,0,0,12,0,0,0,0,0,0,0,0,3,7,0,0,0
"313","2018-1179",14.0116210957676,1.77728577432412,"Coronation Maud",2018,"QMG-1","2018-08-21","2018-07-23",29,3.44457852198377,21.3948,3.282,62.5904381870763,16.1309756720179,4.46703759395711,0,0,0,0,1,0,0,0,1,0,2,0,0,0,9,0,0,1,0,0,0,0,0,0,0,0,146,0,0,0,0,0,0,0,0,0,0,0,0,0,0,0,0,0,0,0,0,0,0,0,10,3,0,0,0,0,0,0,0,0,6,0,0,0,0
"314","2018-1180",16.5686223045762,2.58560053221938,"Coronation Maud",2018,"QMG-2","2018-08-21","2018-07-23",29,3.44457852198377,23.4742857142857,2.86571428571429,14.3041993445536,27.535077233066,0.863330642802016,0,0,0,0,0,0,0,0,0,0,0,0,0,0,0,0,0,0,0,0,0,0,0,0,0,0,19,0,0,0,0,0,0,0,0,0,0,0,0,0,0,0,0,0,0,0,0,0,0,0,2,0,0,0,0,0,0,0,0,0,7,0,0,0,0
"315","2018-841",16.093,2.187,"Larsen Sound - Victoria Strait",2018,"312","2018-08-19","2018-08-20",-1,2.27915505664773,26.5141166666667,1.37423333333333,24.1983281848926,25.0919697611699,1.50365551388135,0,0,0,0,0,0,0,0,0,0,3,0,0,0,10,0,0,0,0,0,0,0,0,0,0,0,1,0,0,0,0,0,0,0,0,0,0,0,0,0,0,1,0,0,0,0,0,0,0,0,1,6,0,0,0,0,0,0,0,0,0,0,0,0,0
"316","2018-844",13.437,2.968,"Larsen Sound - Victoria Strait",2018,"312","2018-08-19","2018-08-20",-1,2.27915505664773,26.5141166666667,1.37423333333333,23.896013640788,14.113901469216,1.77837416393451,0,0,0,0,0,0,0,0,0,1,3,0,0,0,10,0,0,0,0,0,0,0,0,0,0,0,14,0,0,0,0,0,0,0,0,0,0,0,0,0,0,3,0,0,0,0,0,0,0,0,5,5,0,0,0,0,0,0,0,0,0,0,0,0,0
"317","2018-847",12.968,2.187,"Larsen Sound - Victoria Strait",2018,"312","2018-08-19","2018-08-20",-1,2.27915505664773,26.5141166666667,1.37423333333333,17.3390911808831,12.6016544126577,1.33706748773004,0,0,0,0,0,0,0,0,0,0,0,0,0,0,19,0,0,0,0,0,0,0,0,0,0,0,1,0,0,0,0,0,0,0,0,0,0,0,0,0,0,0,0,0,0,0,0,0,0,0,1,11,0,0,0,0,0,0,0,0,0,0,0,0,0
"318","2018-867",10.468,1.562,"Larsen Sound - Victoria Strait",2018,"312","2018-08-19","2018-08-20",-1,2.27915505664773,26.5141166666667,1.37423333333333,28.931365129575,6.36396726495676,2.76379108994794,0,0,0,0,0,0,0,0,0,0,0,0,0,0,28,0,0,0,0,0,0,0,0,0,0,0,23,0,0,0,0,0,0,0,0,0,0,0,0,0,0,1,0,0,0,0,0,0,0,0,4,8,0,0,0,0,0,0,0,0,0,0,0,0,0
"319","2018-869",9.375,1.25,"Larsen Sound - Victoria Strait",2018,"312","2018-08-19","2018-08-20",-1,2.27915505664773,26.5141166666667,1.37423333333333,4.8267265852313,4.47662856118493,0.514850835758006,0,0,0,0,0,0,0,0,0,0,0,0,0,0,6,0,0,0,0,0,0,0,0,0,0,0,2,0,0,0,0,0,0,0,0,0,0,0,0,0,0,0,0,0,0,0,0,0,0,0,0,6,0,0,0,0,0,0,0,0,0,0,0,0,0
"320","2018-871",7.031,1.25,"Larsen Sound - Victoria Strait",2018,"312","2018-08-19","2018-08-20",-1,2.27915505664773,26.5141166666667,1.37423333333333,0.584526634046188,1.78791649823462,0.0831356327757344,0,0,0,0,0,0,0,0,0,0,0,0,0,0,1,0,0,0,0,0,0,0,0,0,0,0,0,0,0,0,0,0,0,0,0,0,0,0,0,0,0,0,0,0,0,0,0,0,0,0,0,2,0,0,0,0,0,0,0,0,0,0,0,0,0
"321","2018-878",12.5,1.718,"Larsen Sound - Victoria Strait",2018,"312","2018-08-19","2018-08-20",-1,2.27915505664773,26.5141166666667,1.37423333333333,12.5142121906451,11.2074195739606,1.00113697525161,0,0,0,0,0,0,0,0,0,0,0,0,0,0,13,0,0,0,0,0,0,0,0,0,0,0,2,0,0,0,0,0,0,0,0,0,0,0,0,0,0,2,0,0,0,0,0,1,0,0,0,4,0,0,0,0,0,0,0,0,0,0,0,0,0
"322","2018-886",9.375,1.25,"Larsen Sound - Victoria Strait",2018,"312","2018-08-19","2018-08-20",-1,2.27915505664773,26.5141166666667,1.37423333333333,5.73284706116392,4.47662856118493,0.611503686524152,0,0,0,0,0,0,0,0,0,0,0,0,0,0,8,0,0,0,0,0,0,0,0,0,0,0,0,0,0,0,0,0,0,0,0,0,0,0,0,0,0,0,0,0,0,0,0,0,0,0,0,2,0,0,0,0,0,0,0,0,0,0,0,0,0
"323","2018-895",8.125,0.937,"Larsen Sound - Victoria Strait",2018,"312","2018-08-19","2018-08-20",-1,2.27915505664773,26.5141166666667,1.37423333333333,3.12671949815687,2.83595436891708,0.384827015157768,0,0,0,0,0,0,0,0,0,0,0,0,0,0,4,0,0,0,0,0,0,0,0,0,0,0,2,0,0,0,0,0,0,0,0,0,0,0,0,0,0,0,0,0,0,0,0,0,0,0,0,2,0,0,0,0,0,0,0,0,0,0,0,0,0
"324","2018-901",10.937,1.562,"Larsen Sound - Victoria Strait",2018,"312","2018-08-19","2018-08-20",-1,2.27915505664773,26.5141166666667,1.37423333333333,18.5640462469607,7.31893661725639,1.69736182197684,0,0,0,0,0,0,0,0,0,0,1,0,0,0,12,0,0,0,0,0,0,0,0,0,0,0,17,0,0,0,0,0,0,0,0,0,0,0,0,0,0,0,0,0,0,0,0,0,0,0,4,5,0,0,0,0,0,0,0,0,0,0,0,0,0
